tempo-1(s);elongazione-1(m);tempo-2(s);elongazione-2(m);tempo-3(s);elongazione-3(m);tempo-4(s);elongazione-4(m);tempo-5(s);elongazione-5(m);tempo-6(s);elongazione-6(m)
0.0;0.3184;0.0;0.319;0.0;0.2653;0.0;0.2878;0.0;0.2565;0.0;0.243
0.025;0.3222;0.025;0.3173;0.025;0.267;0.025;0.2878;0.025;0.2536;0.025;0.2457
0.05;0.325;0.05;0.3146;0.05;0.2703;0.05;0.2875;0.05;0.2512;0.05;0.2488
0.075;0.3261;0.075;0.3103;0.075;0.2744;0.075;0.2861;0.075;0.2493;0.075;0.2521
0.1;0.3257;0.1;0.305;0.1;0.279;0.1;0.2841;0.1;0.248;0.1;0.2553
0.125;0.3233;0.125;0.299;0.125;0.284;0.125;0.2813;0.125;0.2475;0.125;0.2583
0.15;0.3194;0.15;0.2926;0.15;0.289;0.15;0.2781;0.15;0.2478;0.15;0.2609
0.175;0.3145;0.175;0.2867;0.175;0.2935;0.175;0.2745;0.175;0.2487;0.175;0.2629
0.2;0.3086;0.2;0.2814;0.2;0.2973;0.2;0.2708;0.2;0.25;0.2;0.2643
0.225;0.3024;0.225;0.2772;0.225;0.3003;0.225;0.2672;0.225;0.2523;0.225;0.2651
0.25;0.2967;0.25;0.2744;0.25;0.302;0.25;0.2639;0.25;0.2547;0.25;0.2651
0.275;0.2918;0.275;0.2733;0.275;0.3026;0.275;0.2612;0.275;0.2574;0.275;0.2644
0.3;0.2882;0.3;0.2739;0.3;0.3018;0.3;0.2592;0.3;0.2605;0.3;0.2629
0.325;0.286;0.325;0.2763;0.325;0.2997;0.325;0.2578;0.325;0.2634;0.325;0.2608
0.35;0.2856;0.35;0.28;0.35;0.2967;0.35;0.2575;0.35;0.2664;0.35;0.2583
0.375;0.2871;0.375;0.285;0.375;0.2926;0.375;0.2581;0.375;0.2688;0.375;0.2553
0.4;0.2902;0.4;0.291;0.4;0.2881;0.4;0.2595;0.4;0.2709;0.4;0.2521
0.425;0.2948;0.425;0.2972;0.425;0.2831;0.425;0.2617;0.425;0.2724;0.425;0.2486
0.45;0.3003;0.45;0.3032;0.45;0.2781;0.45;0.2644;0.45;0.2733;0.45;0.2454
0.475;0.3063;0.475;0.3087;0.475;0.2734;0.475;0.2679;0.475;0.2735;0.475;0.2424
0.5;0.3122;0.5;0.3134;0.5;0.2694;0.5;0.2715;0.5;0.273;0.5;0.2398
0.525;0.3177;0.525;0.3166;0.525;0.2665;0.525;0.2751;0.525;0.272;0.525;0.2376
0.55;0.3219;0.55;0.3182;0.55;0.2646;0.55;0.2787;0.55;0.2701;0.55;0.2362
0.575;0.3249;0.575;0.3181;0.575;0.2638;0.575;0.2818;0.575;0.2679;0.575;0.2353
0.6;0.3261;0.6;0.3163;0.6;0.2643;0.6;0.2844;0.6;0.2653;0.6;0.2351
0.625;0.3257;0.625;0.3129;0.625;0.2662;0.625;0.2863;0.625;0.2624;0.625;0.2358
0.65;0.3233;0.65;0.3081;0.65;0.2692;0.65;0.2876;0.65;0.2593;0.65;0.2371
0.675;0.3194;0.675;0.3024;0.675;0.273;0.675;0.2878;0.675;0.2564;0.675;0.2392
0.7;0.3145;0.7;0.2962;0.7;0.2776;0.7;0.2869;0.7;0.2536;0.7;0.2416
0.725;0.3086;0.725;0.2902;0.725;0.2826;0.725;0.2854;0.725;0.2513;0.725;0.2445
0.75;0.3026;0.75;0.2843;0.75;0.2876;0.75;0.2832;0.75;0.2494;0.75;0.2478
0.775;0.2969;0.775;0.2794;0.775;0.2923;0.775;0.2803;0.775;0.2482;0.775;0.251
0.8;0.2918;0.8;0.276;0.8;0.2962;0.8;0.2769;0.8;0.2477;0.8;0.2543
0.825;0.2882;0.825;0.2738;0.825;0.2996;0.825;0.2733;0.825;0.2477;0.825;0.2574
0.85;0.286;0.85;0.2734;0.85;0.3017;0.85;0.2695;0.85;0.2485;0.85;0.2602
0.875;0.2856;0.875;0.2748;0.875;0.3026;0.875;0.266;0.875;0.2499;0.875;0.2624
0.9;0.2871;0.9;0.2778;0.9;0.3021;0.9;0.2629;0.9;0.2519;0.9;0.264
0.925;0.2902;0.925;0.2821;0.925;0.3004;0.925;0.2605;0.925;0.2545;0.925;0.2649
0.95;0.2948;0.95;0.2876;0.95;0.2977;0.95;0.2587;0.95;0.2572;0.95;0.2651
0.975;0.3003;0.975;0.2936;0.975;0.2938;0.975;0.2577;0.975;0.2601;0.975;0.2646
1.0;0.3061;1.0;0.2998;1.0;0.2893;1.0;0.2576;1.0;0.2631;1.0;0.2634
1.025;0.3122;1.025;0.3056;1.025;0.2845;1.025;0.2585;1.025;0.266;1.025;0.2615
1.05;0.3175;1.05;0.3108;1.05;0.2795;1.05;0.2602;1.05;0.2686;1.05;0.2591
1.075;0.3219;1.075;0.3148;1.075;0.2748;1.075;0.2625;1.075;0.2707;1.075;0.2562
1.1;0.3249;1.1;0.3173;1.1;0.2705;1.1;0.2656;1.1;0.2722;1.1;0.2529
1.125;0.3261;1.125;0.3182;1.125;0.2672;1.125;0.2691;1.125;0.2733;1.125;0.2497
1.15;0.3257;1.15;0.3174;1.15;0.2649;1.15;0.2727;1.15;0.2735;1.15;0.2464
1.175;0.3233;1.175;0.3149;1.175;0.2638;1.175;0.2763;1.175;0.2732;1.175;0.2433
1.2;0.3196;1.2;0.3108;1.2;0.2641;1.2;0.2797;1.2;0.272;1.2;0.2405
1.225;0.3145;1.225;0.3057;1.225;0.2657;1.225;0.2827;1.225;0.2703;1.225;0.2383
1.25;0.3088;1.25;0.2998;1.25;0.2682;1.25;0.2851;1.25;0.2681;1.25;0.2365
1.275;0.3028;1.275;0.2935;1.275;0.272;1.275;0.2867;1.275;0.2655;1.275;0.2355
1.3;0.2969;1.3;0.2876;1.3;0.2762;1.3;0.2876;1.3;0.2626;1.3;0.2351
1.325;0.292;1.325;0.282;1.325;0.2812;1.325;0.2874;1.325;0.2596;1.325;0.2356
1.35;0.2883;1.35;0.2777;1.35;0.286;1.35;0.2864;1.35;0.2567;1.35;0.2366
1.375;0.2862;1.375;0.2747;1.375;0.2911;1.375;0.2846;1.375;0.2539;1.375;0.2385
1.4;0.2858;1.4;0.2733;1.4;0.2952;1.4;0.282;1.4;0.2515;1.4;0.2409
1.425;0.2871;1.425;0.2738;1.425;0.2987;1.425;0.2789;1.425;0.2496;1.425;0.2436
1.45;0.2902;1.45;0.2758;1.45;0.3011;1.45;0.2755;1.45;0.2484;1.45;0.2467
1.475;0.2948;1.475;0.2793;1.475;0.3024;1.475;0.2719;1.475;0.2477;1.475;0.2502
1.5;0.3001;1.5;0.2841;1.5;0.3022;1.5;0.2682;1.5;0.2477;1.5;0.2534
1.525;0.3061;1.525;0.29;1.525;0.3011;1.525;0.265;1.525;0.2483;1.525;0.2565
1.55;0.312;1.55;0.2961;1.55;0.2985;1.55;0.262;1.55;0.2497;1.55;0.2593
1.575;0.3175;1.575;0.3022;1.575;0.295;1.575;0.2598;1.575;0.2517;1.575;0.2617
1.6;0.3219;1.6;0.3079;1.6;0.2907;1.6;0.2582;1.6;0.2541;1.6;0.2635
1.625;0.3249;1.625;0.3126;1.625;0.2859;1.625;0.2577;1.625;0.2569;1.625;0.2647
1.65;0.3261;1.65;0.3161;1.65;0.2809;1.65;0.2578;1.65;0.2598;1.65;0.2651
1.675;0.3255;1.675;0.3179;1.675;0.276;1.675;0.259;1.675;0.2629;1.675;0.2647
1.7;0.3233;1.7;0.3179;1.7;0.2717;1.7;0.261;1.7;0.2657;1.7;0.2637
1.725;0.3196;1.725;0.3164;1.725;0.2681;1.725;0.2636;1.725;0.2683;1.725;0.262
1.75;0.3146;1.75;0.3132;1.75;0.2656;1.75;0.2668;1.75;0.2705;1.75;0.2598
1.775;0.3088;1.775;0.3088;1.775;0.264;1.775;0.2703;1.775;0.2721;1.775;0.2571
1.8;0.3027;1.8;0.3033;1.8;0.264;1.8;0.2741;1.8;0.2731;1.8;0.254
1.825;0.297;1.825;0.2971;1.825;0.2652;1.825;0.2775;1.825;0.2735;1.825;0.2507
1.85;0.2922;1.85;0.2909;1.85;0.2674;1.85;0.2808;1.85;0.2732;1.85;0.2473
1.875;0.2883;1.875;0.2852;1.875;0.2708;1.875;0.2836;1.875;0.2722;1.875;0.2442
1.9;0.2862;1.9;0.2801;1.9;0.275;1.9;0.2856;1.9;0.2705;1.9;0.2412
1.925;0.2858;1.925;0.2763;1.925;0.2799;1.925;0.2871;1.925;0.2682;1.925;0.2388
1.95;0.2873;1.95;0.274;1.95;0.2847;1.95;0.2876;1.95;0.2657;1.95;0.2369
1.975;0.2904;1.975;0.2734;1.975;0.2897;1.975;0.2871;1.975;0.2629;1.975;0.2358
2.0;0.2948;2.0;0.2744;2.0;0.294;2.0;0.2858;2.0;0.2598;2.0;0.2351
2.025;0.3001;2.025;0.2771;2.025;0.2978;2.025;0.2837;2.025;0.2569;2.025;0.2354
2.05;0.3061;2.05;0.2814;2.05;0.3006;2.05;0.281;2.05;0.2541;2.05;0.2363
2.075;0.312;2.075;0.2865;2.075;0.302;2.075;0.2777;2.075;0.2517;2.075;0.2378
2.1;0.3174;2.1;0.2925;2.1;0.3024;2.1;0.2741;2.1;0.2498;2.1;0.24
2.125;0.3217;2.125;0.2987;2.125;0.3014;2.125;0.2705;2.125;0.2484;2.125;0.2428
2.15;0.3247;2.15;0.3048;2.15;0.2992;2.15;0.2669;2.15;0.2477;2.15;0.2459
2.175;0.3261;2.175;0.31;2.175;0.296;2.175;0.2638;2.175;0.2477;2.175;0.2491
2.2;0.3255;2.2;0.3141;2.2;0.2919;2.2;0.261;2.2;0.2483;2.2;0.2524
2.225;0.3233;2.225;0.317;2.225;0.2872;2.225;0.2591;2.225;0.2497;2.225;0.2557
2.25;0.3196;2.25;0.3181;2.25;0.2822;2.25;0.2578;2.25;0.2516;2.25;0.2586
2.275;0.3146;2.275;0.3174;2.275;0.2774;2.275;0.2576;2.275;0.254;2.275;0.261
2.3;0.3088;2.3;0.3152;2.3;0.2729;2.3;0.2581;2.3;0.2567;2.3;0.2629
2.325;0.3027;2.325;0.3115;2.325;0.2691;2.325;0.2597;2.325;0.2596;2.325;0.2643
2.35;0.297;2.35;0.3065;2.35;0.2661;2.35;0.2619;2.35;0.2626;2.35;0.2651
2.375;0.2922;2.375;0.3007;2.375;0.2644;2.375;0.2648;2.375;0.2655;2.375;0.2649
2.4;0.2885;2.4;0.2945;2.4;0.2638;2.4;0.268;2.4;0.2681;2.4;0.2641
2.425;0.2862;2.425;0.2885;2.425;0.2646;2.425;0.2716;2.425;0.2703;2.425;0.2625
2.45;0.2858;2.45;0.2829;2.45;0.2667;2.45;0.2753;2.45;0.2719;2.45;0.2605
2.475;0.2871;2.475;0.2784;2.475;0.2697;2.475;0.2787;2.475;0.2729;2.475;0.2579
2.5;0.2902;2.5;0.2752;2.5;0.2738;2.5;0.2818;2.5;0.2735;2.5;0.2548
2.525;0.2946;2.525;0.2737;2.525;0.2785;2.525;0.2844;2.525;0.2732;2.525;0.2516
2.55;0.3001;2.55;0.2736;2.55;0.2833;2.55;0.2863;2.55;0.2722;2.55;0.2483
2.575;0.306;2.575;0.2754;2.575;0.2883;2.575;0.2874;2.575;0.2706;2.575;0.245
2.6;0.3118;2.6;0.2788;2.6;0.2928;2.6;0.2874;2.6;0.2686;2.6;0.2421
2.625;0.3174;2.625;0.2834;2.625;0.2968;2.625;0.2868;2.625;0.266;2.625;0.2395
2.65;0.3217;2.65;0.2891;2.65;0.2997;2.65;0.2851;2.65;0.2631;2.65;0.2374
2.675;0.3247;2.675;0.2951;2.675;0.3017;2.675;0.2829;2.675;0.2602;2.675;0.236
2.7;0.326;2.7;0.3013;2.7;0.3024;2.7;0.2798;2.7;0.2572;2.7;0.2353
2.725;0.3255;2.725;0.307;2.725;0.3017;2.725;0.2765;2.725;0.2545;2.725;0.2353
2.75;0.3233;2.75;0.3119;2.75;0.3001;2.75;0.2729;2.75;0.252;2.75;0.2359
2.775;0.3196;2.775;0.3156;2.775;0.297;2.775;0.2691;2.775;0.25;2.775;0.2373
2.8;0.3146;2.8;0.3175;2.8;0.2932;2.8;0.2658;2.8;0.2486;2.8;0.2394
2.825;0.309;2.825;0.3179;2.825;0.2886;2.825;0.2627;2.825;0.2479;2.825;0.2419
2.85;0.3029;2.85;0.3166;2.85;0.2838;2.85;0.2603;2.85;0.2477;2.85;0.245
2.875;0.2972;2.875;0.3137;2.875;0.2788;2.875;0.2585;2.875;0.2483;2.875;0.2481
2.9;0.2922;2.9;0.3095;2.9;0.2741;2.9;0.2577;2.9;0.2495;2.9;0.2514
2.925;0.2885;2.925;0.304;2.925;0.2701;2.925;0.2576;2.925;0.2514;2.925;0.2546
2.95;0.2864;2.95;0.2979;2.95;0.2668;2.95;0.2586;2.95;0.2538;2.95;0.2578
2.975;0.2858;2.975;0.2917;2.975;0.2649;2.975;0.2603;2.975;0.2564;2.975;0.2603
3.0;0.2873;3.0;0.2859;3.0;0.264;3.0;0.2627;3.0;0.2593;3.0;0.2624
3.025;0.2902;3.025;0.2808;3.025;0.2643;3.025;0.2658;3.025;0.2624;3.025;0.264
3.05;0.2946;3.05;0.2768;3.05;0.266;3.05;0.2692;3.05;0.2651;3.05;0.2649
3.075;0.3001;3.075;0.2744;3.075;0.2689;3.075;0.2728;3.075;0.2679;3.075;0.2651
3.1;0.306;3.1;0.2735;3.1;0.2727;3.1;0.2765;3.1;0.2702;3.1;0.2644
3.125;0.3118;3.125;0.2743;3.125;0.2771;3.125;0.2799;3.125;0.2719;3.125;0.263
3.15;0.3172;3.15;0.2766;3.15;0.2819;3.15;0.2829;3.15;0.2729;3.15;0.2612
3.175;0.3215;3.175;0.2807;3.175;0.2869;3.175;0.2851;3.175;0.2735;3.175;0.2586
3.2;0.3247;3.2;0.2857;3.2;0.2916;3.2;0.2867;3.2;0.2732;3.2;0.2559
3.225;0.326;3.225;0.2917;3.225;0.2957;3.225;0.2874;3.225;0.2723;3.225;0.2526
3.25;0.3255;3.25;0.2977;3.25;0.299;3.25;0.2873;3.25;0.2708;3.25;0.2493
3.275;0.3233;3.275;0.3037;3.275;0.3013;3.275;0.2863;3.275;0.2687;3.275;0.246
3.3;0.3196;3.3;0.3091;3.3;0.3024;3.3;0.2844;3.3;0.2662;3.3;0.2429
3.325;0.3146;3.325;0.3134;3.325;0.3021;3.325;0.2818;3.325;0.2634;3.325;0.2403
3.35;0.309;3.35;0.3164;3.35;0.3006;3.35;0.2788;3.35;0.2603;3.35;0.2381
3.375;0.3029;3.375;0.3179;3.375;0.298;3.375;0.2751;3.375;0.2574;3.375;0.2365
3.4;0.2972;3.4;0.3176;3.4;0.2944;3.4;0.2715;3.4;0.2546;3.4;0.2355
3.425;0.2924;3.425;0.3154;3.425;0.29;3.425;0.2679;3.425;0.2522;3.425;0.2353
3.45;0.2885;3.45;0.312;3.45;0.2852;3.45;0.2646;3.45;0.2501;3.45;0.2358
3.475;0.2864;3.475;0.3072;3.475;0.2802;3.475;0.2619;3.475;0.2487;3.475;0.237
3.5;0.286;3.5;0.3014;3.5;0.2753;3.5;0.2596;3.5;0.2479;3.5;0.2388
3.525;0.2873;3.525;0.2954;3.525;0.2712;3.525;0.2582;3.525;0.2477;3.525;0.2412
3.55;0.2902;3.55;0.2891;3.55;0.2677;3.55;0.2576;3.55;0.2482;3.55;0.244
3.575;0.2946;3.575;0.2836;3.575;0.2654;3.575;0.258;3.575;0.2493;3.575;0.2472
3.6;0.2999;3.6;0.2789;3.6;0.2642;3.6;0.2591;3.6;0.2512;3.6;0.2505
3.625;0.3058;3.625;0.2756;3.625;0.2641;3.625;0.2612;3.625;0.2534;3.625;0.2538
3.65;0.3118;3.65;0.2737;3.65;0.2655;3.65;0.2637;3.65;0.2562;3.65;0.2569
3.675;0.3172;3.675;0.2736;3.675;0.268;3.675;0.267;3.675;0.2591;3.675;0.2597
3.7;0.3215;3.7;0.2751;3.7;0.2715;3.7;0.2704;3.7;0.262;3.7;0.2619
3.725;0.3245;3.725;0.2781;3.725;0.2757;3.725;0.2742;3.725;0.265;3.725;0.2636
3.75;0.3258;3.75;0.2828;3.75;0.2805;3.75;0.2777;3.75;0.2676;3.75;0.2647
3.775;0.3255;3.775;0.2882;3.775;0.2855;3.775;0.281;3.775;0.2698;3.775;0.2651
3.8;0.3233;3.8;0.2943;3.8;0.2904;3.8;0.2837;3.8;0.2717;3.8;0.2646
3.825;0.3196;3.825;0.3005;3.825;0.2947;3.825;0.2856;3.825;0.2728;3.825;0.2636
3.85;0.3146;3.85;0.3062;3.85;0.2982;3.85;0.2871;3.85;0.2733;3.85;0.2619
3.875;0.309;3.875;0.3112;3.875;0.3008;3.875;0.2874;3.875;0.2732;3.875;0.2595
3.9;0.3031;3.9;0.3148;3.9;0.302;3.9;0.2869;3.9;0.2723;3.9;0.2567
3.925;0.2974;3.925;0.3173;3.925;0.3022;3.925;0.2856;3.925;0.271;3.925;0.2536
3.95;0.2924;3.95;0.3179;3.95;0.3011;3.95;0.2836;3.95;0.2689;3.95;0.2504
3.975;0.2887;3.975;0.3169;3.975;0.2987;3.975;0.2806;3.975;0.2663;3.975;0.2471
4.0;0.2864;4.0;0.3142;4.0;0.2955;4.0;0.2774;4.0;0.2636;4.0;0.244