Time (s) Run #1	Position (m) Run #1	Time (s) Run #2	Position (m) Run #2	Time (s) Run #3	Position (m) Run #3	Time (s) Run #4	Position (m) Run #4	Time (s) Run #5	Position (m) Run #5	Time (s) Run #6	Position (m) Run #6	Time (s) Run #7	Position (m) Run #7	Time (s) Run #8	Position (m) Run #8	Time (s) Run #9	Position (m) Run #9
0.000	0.6933	0.000	0.2899	0.000	0.2590	0.000	0.3362	0.000	0.3221	0.000	0.4093	0.000	0.3684	0.000	0.3818	0.000	0.3970
0.050	0.6811	0.050	0.2650	0.050	0.2581	0.050	0.3500	0.050	0.3172	0.050	0.4196	0.050	0.3686	0.050	0.3828	0.050	0.3949
0.100	0.6600	0.100	0.2470	0.100	0.2622	0.100	0.3668	0.100	0.3156	0.100	0.4298	0.100	0.3704	0.100	0.3855	0.100	0.3936
0.150	0.6315	0.150	0.2342	0.150	0.2710	0.150	0.3869	0.150	0.3173	0.150	0.4396	0.150	0.3733	0.150	0.3890	0.150	0.3927
0.200	0.5963	0.200	0.2269	0.200	0.2842	0.200	0.4056	0.200	0.3220	0.200	0.4484	0.200	0.3776	0.200	0.3931	0.200	0.3925
0.250	0.5526	0.250	0.2254	0.250	0.3034	0.250	0.4249	0.250	0.3295	0.250	0.4560	0.250	0.3829	0.250	0.3979	0.250	0.3930
0.300	0.5058	0.300	0.2300	0.300	0.3243	0.300	0.4437	0.300	0.3398	0.300	0.4620	0.300	0.3889	0.300	0.4030	0.300	0.3940
0.350	0.4537	0.350	0.2401	0.350	0.3481	0.350	0.4612	0.350	0.3523	0.350	0.4667	0.350	0.3957	0.350	0.4087	0.350	0.3959
0.400	0.4020	0.400	0.2556	0.400	0.3759	0.400	0.4772	0.400	0.3668	0.400	0.4695	0.400	0.4051	0.400	0.4146	0.400	0.3981
0.450	0.3486	0.450	0.2761	0.450	0.4027	0.450	0.4930	0.450	0.3847	0.450	0.4703	0.450	0.4126	0.450	0.4204	0.450	0.4007
0.500	0.2991	0.500	0.3032	0.500	0.4298	0.500	0.5044	0.500	0.4012	0.500	0.4693	0.500	0.4202	0.500	0.4257	0.500	0.4038
0.550	0.2514	0.550	0.3319	0.550	0.4565	0.550	0.5128	0.550	0.4184	0.550	0.4666	0.550	0.4274	0.550	0.4309	0.550	0.4072
0.600	0.2191	0.600	0.3634	0.600	0.4835	0.600	0.5180	0.600	0.4353	0.600	0.4618	0.600	0.4345	0.600	0.4354	0.600	0.4108
0.650	0.1843	0.650	0.3981	0.650	0.5063	0.650	0.5198	0.650	0.4515	0.650	0.4557	0.650	0.4405	0.650	0.4390	0.650	0.4144
0.700	0.1628	0.700	0.4310	0.700	0.5262	0.700	0.5184	0.700	0.4662	0.700	0.4481	0.700	0.4455	0.700	0.4418	0.700	0.4180
0.750	0.1495	0.750	0.4655	0.750	0.5421	0.750	0.5133	0.750	0.4811	0.750	0.4392	0.750	0.4497	0.750	0.4437	0.750	0.4215
0.800	0.1453	0.800	0.4963	0.800	0.5540	0.800	0.5053	0.800	0.4920	0.800	0.4296	0.800	0.4525	0.800	0.4446	0.800	0.4246
0.850	0.1450	0.850	0.5242	0.850	0.5613	0.850	0.4940	0.850	0.5002	0.850	0.4192	0.850	0.4541	0.850	0.4445	0.850	0.4272
0.900	0.1486	0.900	0.5484	0.900	0.5641	0.900	0.4804	0.900	0.5058	0.900	0.4087	0.900	0.4543	0.900	0.4431	0.900	0.4294
0.950	0.1644	0.950	0.5679	0.950	0.5618	0.950	0.4626	0.950	0.5083	0.950	0.3986	0.950	0.4531	0.950	0.4409	0.950	0.4312
1.000	0.1818	1.000	0.5845	1.000	0.5549	1.000	0.4451	1.000	0.5079	1.000	0.3888	1.000	0.4506	1.000	0.4378	1.000	0.4322
1.050	0.2158	1.050	0.5939	1.050	0.5437	1.050	0.4263	1.050	0.5041	1.050	0.3777	1.050	0.4468	1.050	0.4337	1.050	0.4326
1.100	0.2482	1.100	0.5955	1.100	0.5281	1.100	0.4072	1.100	0.4979	1.100	0.3696	1.100	0.4418	1.100	0.4291	1.100	0.4324
1.150	0.2952	1.150	0.5956	1.150	0.5088	1.150	0.3885	1.150	0.4886	1.150	0.3629	1.150	0.4360	1.150	0.4239	1.150	0.4314
1.200	0.3443	1.200	0.5859	1.200	0.4861	1.200	0.3684	1.200	0.4770	1.200	0.3577	1.200	0.4293	1.200	0.4184	1.200	0.4299
1.250	0.3977	1.250	0.5729	1.250	0.4596	1.250	0.3515	1.250	0.4615	1.250	0.3542	1.250	0.4223	1.250	0.4126	1.250	0.4277
1.300	0.4493	1.300	0.5546	1.300	0.4331	1.300	0.3365	1.300	0.4461	1.300	0.3526	1.300	0.4147	1.300	0.4069	1.300	0.4251
1.350	0.5014	1.350	0.5318	1.350	0.4059	1.350	0.3242	1.350	0.4297	1.350	0.3529	1.350	0.4071	1.350	0.4012	1.350	0.4220
1.400	0.5482	1.400	0.5048	1.400	0.3790	1.400	0.3145	1.400	0.4127	1.400	0.3551	1.400	0.3999	1.400	0.3962	1.400	0.4186
1.450	0.5899	1.450	0.4750	1.450	0.3512	1.450	0.3081	1.450	0.3960	1.450	0.3592	1.450	0.3928	1.450	0.3916	1.450	0.4151
1.500	0.6277	1.500	0.4412	1.500	0.3272	1.500	0.3051	1.500	0.3795	1.500	0.3648	1.500	0.3864	1.500	0.3876	1.500	0.4115
1.550	0.6536	1.550	0.4081	1.550	0.3060	1.550	0.3054	1.550	0.3622	1.550	0.3720	1.550	0.3809	1.550	0.3843	1.550	0.4079
1.600	0.6718	1.600	0.3752	1.600	0.2864	1.600	0.3091	1.600	0.3482	1.600	0.3825	1.600	0.3764	1.600	0.3822	1.600	0.4044
1.650	0.6900	1.650	0.3417	1.650	0.2728	1.650	0.3163	1.650	0.3364	1.650	0.3919	1.650	0.3712	1.650	0.3808	1.650	0.4013
1.700	0.6959	1.700	0.3122	1.700	0.2634	1.700	0.3264	1.700	0.3271	1.700	0.4019	1.700	0.3691	1.700	0.3806	1.700	0.3986
1.750	0.6928	1.750	0.2842	1.750	0.2589	1.750	0.3394	1.750	0.3205	1.750	0.4122	1.750	0.3684	1.750	0.3816	1.750	0.3962
1.800	0.6795	1.800	0.2620	1.800	0.2590	1.800	0.3545	1.800	0.3167	1.800	0.4227	1.800	0.3692	1.800	0.3833	1.800	0.3942
1.850	0.6590	1.850	0.2448	1.850	0.2642	1.850	0.3716	1.850	0.3163	1.850	0.4327	1.850	0.3713	1.850	0.3862	1.850	0.3932
1.900	0.6305	1.900	0.2330	1.900	0.2738	1.900	0.3919	1.900	0.3186	1.900	0.4422	1.900	0.3746	1.900	0.3900	1.900	0.3925
1.950	0.5954	1.950	0.2269	1.950	0.2879	1.950	0.4108	1.950	0.3241	1.950	0.4506	1.950	0.3812	1.950	0.3945	1.950	0.3927
2.000	0.5522	2.000	0.2266	2.000	0.3078	2.000	0.4297	2.000	0.3324	2.000	0.4577	2.000	0.3867	2.000	0.3994	2.000	0.3932
2.050	0.5060	2.050	0.2319	2.050	0.3294	2.050	0.4483	2.050	0.3432	2.050	0.4634	2.050	0.3930	2.050	0.4048	2.050	0.3945
2.100	0.4541	2.100	0.2431	2.100	0.3536	2.100	0.4655	2.100	0.3562	2.100	0.4676	2.100	0.4001	2.100	0.4106	2.100	0.3966
2.150	0.4027	2.150	0.2597	2.150	0.3818	2.150	0.4828	2.150	0.3729	2.150	0.4718	2.150	0.4075	2.150	0.4163	2.150	0.3990
2.200	0.3496	2.200	0.2811	2.200	0.4084	2.200	0.4961	2.200	0.3892	2.200	0.4701	2.200	0.4150	2.200	0.4220	2.200	0.4017
2.250	0.3003	2.250	0.3086	2.250	0.4355	2.250	0.5067	2.250	0.4059	2.250	0.4686	2.250	0.4224	2.250	0.4273	2.250	0.4048
2.300	0.2530	2.300	0.3377	2.300	0.4618	2.300	0.5143	2.300	0.4229	2.300	0.4652	2.300	0.4297	2.300	0.4321	2.300	0.4081
2.350	0.2176	2.350	0.3712	2.350	0.4884	2.350	0.5185	2.350	0.4396	2.350	0.4603	2.350	0.4362	2.350	0.4363	2.350	0.4117
2.400	0.1858	2.400	0.4038	2.400	0.5105	2.400	0.5197	2.400	0.4554	2.400	0.4534	2.400	0.4421	2.400	0.4397	2.400	0.4155
2.450	0.1646	2.450	0.4367	2.450	0.5295	2.450	0.5172	2.450	0.4716	2.450	0.4455	2.450	0.4469	2.450	0.4423	2.450	0.4189
2.500	0.1512	2.500	0.4706	2.500	0.5446	2.500	0.5114	2.500	0.4839	2.500	0.4364	2.500	0.4506	2.500	0.4439	2.500	0.4222
2.550	0.1457	2.550	0.5008	2.550	0.5555	2.550	0.5026	2.550	0.4941	2.550	0.4266	2.550	0.4532	2.550	0.4445	2.550	0.4253
2.600	0.1456	2.600	0.5280	2.600	0.5617	2.600	0.4908	2.600	0.5018	2.600	0.4163	2.600	0.4543	2.600	0.4441	2.600	0.4279
2.650	0.1499	2.650	0.5514	2.650	0.5634	2.650	0.4764	2.650	0.5065	2.650	0.4058	2.650	0.4541	2.650	0.4424	2.650	0.4298
2.700	0.1625	2.700	0.5701	2.700	0.5603	2.700	0.4582	2.700	0.5081	2.700	0.3958	2.700	0.4524	2.700	0.4401	2.700	0.4314
2.750	0.1830	2.750	0.5837	2.750	0.5523	2.750	0.4403	2.750	0.5068	2.750	0.3860	2.750	0.4495	2.750	0.4366	2.750	0.4322
2.800	0.2168	2.800	0.5921	2.800	0.5401	2.800	0.4217	2.800	0.5025	2.800	0.3753	2.800	0.4454	2.800	0.4325	2.800	0.4324
2.850	0.2486	2.850	0.5947	2.850	0.5238	2.850	0.4026	2.850	0.4953	2.850	0.3675	2.850	0.4401	2.850	0.4277	2.850	0.4319
2.900	0.2952	2.900	0.5916	2.900	0.5038	2.900	0.3840	2.900	0.4854	2.900	0.3613	2.900	0.4341	2.900	0.4224	2.900	0.4307
2.950	0.3440	2.950	0.5832	2.950	0.4808	2.950	0.3641	2.950	0.4715	2.950	0.3566	2.950	0.4273	2.950	0.4167	2.950	0.4292
3.000	0.3970	3.000	0.5693	3.000	0.4537	3.000	0.3477	3.000	0.4574	3.000	0.3537	3.000	0.4200	3.000	0.4110	3.000	0.4268
3.050	0.4481	3.050	0.5501	3.050	0.4272	3.050	0.3336	3.050	0.4418	3.050	0.3526	3.050	0.4125	3.050	0.4052	3.050	0.4242
3.100	0.4998	3.100	0.5265	3.100	0.4002	3.100	0.3218	3.100	0.4253	3.100	0.3534	3.100	0.4049	3.100	0.3998	3.100	0.4211
3.150	0.5467	3.150	0.4994	3.150	0.3716	3.150	0.3131	3.150	0.4082	3.150	0.3561	3.150	0.3976	3.150	0.3948	3.150	0.4177
3.200	0.5883	3.200	0.4672	3.200	0.3462	3.200	0.3074	3.200	0.3915	3.200	0.3607	3.200	0.3909	3.200	0.3904	3.200	0.4141
3.250	0.6261	3.250	0.4351	3.250	0.3229	3.250	0.3053	3.250	0.3734	3.250	0.3667	3.250	0.3849	3.250	0.3865	3.250	0.4105
3.300	0.6550	3.300	0.4023	3.300	0.3025	3.300	0.3064	3.300	0.3584	3.300	0.3744	3.300	0.3776	3.300	0.3838	3.300	0.4069
3.350	0.6765	3.350	0.3677	3.350	0.2837	3.350	0.3110	3.350	0.3449	3.350	0.3851	3.350	0.3735	3.350	0.3819	3.350	0.4036
3.400	0.6894	3.400	0.3365	3.400	0.2710	3.400	0.3189	3.400	0.3338	3.400	0.3947	3.400	0.3705	3.400	0.3808	3.400	0.4005
3.450	0.6935	3.450	0.3077	3.450	0.2627	3.450	0.3298	3.450	0.3252	3.450	0.4046	3.450	0.3689	3.450	0.3809	3.450	0.3979
3.500	0.6900	3.500	0.2804	3.500	0.2592	3.500	0.3432	3.500	0.3195	3.500	0.4151	3.500	0.3687	3.500	0.3823	3.500	0.3958
3.550	0.6783	3.550	0.2594	3.550	0.2605	3.550	0.3589	3.550	0.3165	3.550	0.4255	3.550	0.3699	3.550	0.3844	3.550	0.3941
3.600	0.6580	3.600	0.2434	3.600	0.2666	3.600	0.3783	3.600	0.3166	3.600	0.4353	3.600	0.3723	3.600	0.3874	3.600	0.3930
3.650	0.6298	3.650	0.2324	3.650	0.2772	3.650	0.3967	3.650	0.3200	3.650	0.4446	3.650	0.3761	3.650	0.3912	3.650	0.3927
3.700	0.5949	3.700	0.2274	3.700	0.2941	3.700	0.4156	3.700	0.3261	3.700	0.4527	3.700	0.3808	3.700	0.3960	3.700	0.3930
3.750	0.5519	3.750	0.2280	3.750	0.3128	3.750	0.4345	3.750	0.3350	3.750	0.4594	3.750	0.3886	3.750	0.4010	3.750	0.3937
3.800	0.5058	3.800	0.2344	3.800	0.3349	3.800	0.4526	3.800	0.3465	3.800	0.4647	3.800	0.3951	3.800	0.4065	3.800	0.3954
3.850	0.4542	3.850	0.2466	3.850	0.3594	3.850	0.4694	3.850	0.3600	3.850	0.4681	3.850	0.4023	3.850	0.4121	3.850	0.3973
3.900	0.4032	3.900	0.2638	3.900	0.3876	3.900	0.4862	3.900	0.3753	3.900	0.4699	3.900	0.4097	3.900	0.4180	3.900	0.3998
3.950	0.3503	3.950	0.2877	3.950	0.4144	3.950	0.4989	3.950	0.3935	3.950	0.4698	3.950	0.4173	3.950	0.4235	3.950	0.4027
4.000	0.3013	4.000	0.3139	4.000	0.4414	4.000	0.5086	4.000	0.4102	4.000	0.4678	4.000	0.4247	4.000	0.4287	4.000	0.4060
4.050	0.2542	4.050	0.3433	4.050	0.4671	4.050	0.5154	4.050	0.4272	4.050	0.4639	4.050	0.4316	4.050	0.4333	4.050	0.4094
4.100	0.2188	4.100	0.3770	4.100	0.4932	4.100	0.5188	4.100	0.4437	4.100	0.4584	4.100	0.4379	4.100	0.4373	4.100	0.4132
4.150	0.1893	4.150	0.4096	4.150	0.5146	4.150	0.5189	4.150	0.4590	4.150	0.4514	4.150	0.4435	4.150	0.4404	4.150	0.4168
4.200	0.1652	4.200	0.4422	4.200	0.5326	4.200	0.5157	4.200	0.4728	4.200	0.4430	4.200	0.4480	4.200	0.4427	4.200	0.4203
4.250	0.1526	4.250	0.4760	4.250	0.5468	4.250	0.5091	4.250	0.4865	4.250	0.4337	4.250	0.4515	4.250	0.4441	4.250	0.4234
4.300	0.1445	4.300	0.5056	4.300	0.5566	4.300	0.4995	4.300	0.4960	4.300	0.4237	4.300	0.4534	4.300	0.4443	4.300	0.4263
4.350	0.1439	4.350	0.5320	4.350	0.5619	4.350	0.4870	4.350	0.5028	4.350	0.4134	4.350	0.4541	4.350	0.4435	4.350	0.4286
4.400	0.1514	4.400	0.5545	4.400	0.5624	4.400	0.4723	4.400	0.5067	4.400	0.4029	4.400	0.4534	4.400	0.4418	4.400	0.4305
4.450	0.1635	4.450	0.5723	4.450	0.5583	4.450	0.4535	4.450	0.5076	4.450	0.3929	4.450	0.4516	4.450	0.4390	4.450	0.4319
4.500	0.1859	4.500	0.5851	4.500	0.5494	4.500	0.4356	4.500	0.5055	4.500	0.3815	4.500	0.4483	4.500	0.4353	4.500	0.4324
4.550	0.2175	4.550	0.5922	4.550	0.5363	4.550	0.4167	4.550	0.5004	4.550	0.3729	4.550	0.4439	4.550	0.4310	4.550	0.4324
4.600	0.2491	4.600	0.5960	4.600	0.5192	4.600	0.3977	4.600	0.4926	4.600	0.3656	4.600	0.4384	4.600	0.4260	4.600	0.4318
4.650	0.2953	4.650	0.5921	4.650	0.4987	4.650	0.3793	4.650	0.4822	4.650	0.3597	4.650	0.4321	4.650	0.4205	4.650	0.4304
4.700	0.3438	4.700	0.5805	4.700	0.4734	4.700	0.3598	4.700	0.4677	4.700	0.3557	4.700	0.4250	4.700	0.4148	4.700	0.4285
4.750	0.3965	4.750	0.5657	4.750	0.4479	4.750	0.3441	4.750	0.4531	4.750	0.3533	4.750	0.4178	4.750	0.4092	4.750	0.4261
4.800	0.4474	4.800	0.5460	4.800	0.4214	4.800	0.3306	4.800	0.4373	4.800	0.3529	4.800	0.4102	4.800	0.4035	4.800	0.4234
4.850	0.4990	4.850	0.5218	4.850	0.3944	4.850	0.3196	4.850	0.4206	4.850	0.3544	4.850	0.4028	4.850	0.3983	4.850	0.4201
4.900	0.5455	4.900	0.4942	4.900	0.3660	4.900	0.3116	4.900	0.4036	4.900	0.3575	4.900	0.3958	4.900	0.3935	4.900	0.4167
4.950	0.5870	4.950	0.4618	4.950	0.3410	4.950	0.3069	4.950	0.3871	4.950	0.3624	4.950	0.3892	4.950	0.3893	4.950	0.4132
5.000	0.6245	5.000	0.4296	5.000	0.3184	5.000	0.3056	5.000	0.3693	5.000	0.3691	5.000	0.3832	5.000	0.3859	5.000	0.4094
5.050	0.6535	5.050	0.3971	5.050	0.2989	5.050	0.3076	5.050	0.3548	5.050	0.3771	5.050	0.3783	5.050	0.3831	5.050	0.4060
5.100	0.6747	5.100	0.3627	5.100	0.2811	5.100	0.3131	5.100	0.3420	5.100	0.3880	5.100	0.3728	5.100	0.3815	5.100	0.4027
5.150	0.6889	5.150	0.3318	5.150	0.2693	5.150	0.3218	5.150	0.3314	5.150	0.3978	5.150	0.3702	5.150	0.3808	5.150	0.4000
5.200	0.6930	5.200	0.3037	5.200	0.2622	5.200	0.3334	5.200	0.3236	5.200	0.4079	5.200	0.3689	5.200	0.3813	5.200	0.3974
5.250	0.6895	5.250	0.2772	5.250	0.2597	5.250	0.3473	5.250	0.3186	5.250	0.4184	5.250	0.3691	5.250	0.3826	5.250	0.3953
5.300	0.6771	5.300	0.2570	5.300	0.2620	5.300	0.3634	5.300	0.3165	5.300	0.4286	5.300	0.3706	5.300	0.3852	5.300	0.3939
5.350	0.6567	5.350	0.2418	5.350	0.2690	5.350	0.3830	5.350	0.3174	5.350	0.4382	5.350	0.3735	5.350	0.3885	5.350	0.3930
5.400	0.6289	5.400	0.2319	5.400	0.2808	5.400	0.4017	5.400	0.3215	5.400	0.4470	5.400	0.3795	5.400	0.3927	5.400	0.3928
5.450	0.5940	5.450	0.2279	5.450	0.2984	5.450	0.4206	5.450	0.3285	5.450	0.4548	5.450	0.3846	5.450	0.3974	5.450	0.3932
5.500	0.5514	5.500	0.2297	5.500	0.3178	5.500	0.4392	5.500	0.3381	5.500	0.4610	5.500	0.3905	5.500	0.4025	5.500	0.3942
5.550	0.5056	5.550	0.2370	5.550	0.3404	5.550	0.4569	5.550	0.3501	5.550	0.4657	5.550	0.3973	5.550	0.4082	5.550	0.3961
5.600	0.4544	5.600	0.2500	5.600	0.3654	5.600	0.4752	5.600	0.3639	5.600	0.4687	5.600	0.4044	5.600	0.4139	5.600	0.3981
5.650	0.4035	5.650	0.2679	5.650	0.3936	5.650	0.4893	5.650	0.3815	5.650	0.4699	5.650	0.4119	5.650	0.4195	5.650	0.4007
5.700	0.3510	5.700	0.2926	5.700	0.4206	5.700	0.5013	5.700	0.3980	5.700	0.4691	5.700	0.4193	5.700	0.4251	5.700	0.4038
5.750	0.3023	5.750	0.3194	5.750	0.4470	5.750	0.5103	5.750	0.4146	5.750	0.4666	5.750	0.4266	5.750	0.4301	5.750	0.4070
5.800	0.2554	5.800	0.3492	5.800	0.4744	5.800	0.5163	5.800	0.4315	5.800	0.4623	5.800	0.4335	5.800	0.4345	5.800	0.4106
5.850	0.2195	5.850	0.3828	5.850	0.4979	5.850	0.5188	5.850	0.4477	5.850	0.4563	5.850	0.4397	5.850	0.4384	5.850	0.4143
5.900	0.1908	5.900	0.4153	5.900	0.5186	5.900	0.5180	5.900	0.4626	5.900	0.4488	5.900	0.4449	5.900	0.4413	5.900	0.4177
5.950	0.1666	5.950	0.4477	5.950	0.5357	5.950	0.5138	5.950	0.4778	5.950	0.4402	5.950	0.4490	5.950	0.4432	5.950	0.4212
6.000	0.1544	6.000	0.4810	6.000	0.5489	6.000	0.5065	6.000	0.4891	6.000	0.4308	6.000	0.4520	6.000	0.4443	6.000	0.4241
6.050	0.1457	6.050	0.5099	6.050	0.5577	6.050	0.4961	6.050	0.4978	6.050	0.4208	6.050	0.4537	6.050	0.4441	6.050	0.4268
6.100	0.1453	6.100	0.5356	6.100	0.5619	6.100	0.4831	6.100	0.5039	6.100	0.4103	6.100	0.4539	6.100	0.4430	6.100	0.4291
6.150	0.1528	6.150	0.5573	6.150	0.5614	6.150	0.4678	6.150	0.5071	6.150	0.4001	6.150	0.4529	6.150	0.4409	6.150	0.4307
6.200	0.1646	6.200	0.5741	6.200	0.5562	6.200	0.4489	6.200	0.5071	6.200	0.3902	6.200	0.4506	6.200	0.4378	6.200	0.4317
6.250	0.1852	6.250	0.5859	6.250	0.5465	6.250	0.4305	6.250	0.5043	6.250	0.3791	6.250	0.4470	6.250	0.4341	6.250	0.4322
6.300	0.2182	6.300	0.5941	6.300	0.5325	6.300	0.4117	6.300	0.4984	6.300	0.3710	6.300	0.4422	6.300	0.4294	6.300	0.4321
6.350	0.2498	6.350	0.5948	6.350	0.5147	6.350	0.3931	6.350	0.4898	6.350	0.3641	6.350	0.4364	6.350	0.4245	6.350	0.4311
6.400	0.2959	6.400	0.5879	6.400	0.4935	6.400	0.3749	6.400	0.4789	6.400	0.3587	6.400	0.4298	6.400	0.4190	6.400	0.4297
6.450	0.3440	6.450	0.5774	6.450	0.4678	6.450	0.3558	6.450	0.4638	6.450	0.3550	6.450	0.4228	6.450	0.4131	6.450	0.4277
6.500	0.3963	6.500	0.5617	6.500	0.4422	6.500	0.3406	6.500	0.4490	6.500	0.3531	6.500	0.4154	6.500	0.4074	6.500	0.4253
6.550	0.4471	6.550	0.5414	6.550	0.4155	6.550	0.3277	6.550	0.4328	6.550	0.3532	6.550	0.4078	6.550	0.4019	6.550	0.4222
6.600	0.4983	6.600	0.5165	6.600	0.3888	6.600	0.3176	6.600	0.4161	6.600	0.3553	6.600	0.4006	6.600	0.3967	6.600	0.4189
6.650	0.5446	6.650	0.4884	6.650	0.3607	6.650	0.3105	6.650	0.3994	6.650	0.3590	6.650	0.3937	6.650	0.3923	6.650	0.4155
6.700	0.5859	6.700	0.4558	6.700	0.3363	6.700	0.3065	6.700	0.3829	6.700	0.3645	6.700	0.3873	6.700	0.3881	6.700	0.4119
6.750	0.6233	6.750	0.4234	6.750	0.3142	6.750	0.3061	6.750	0.3655	6.750	0.3713	6.750	0.3818	6.750	0.3849	6.750	0.4082
6.800	0.6521	6.800	0.3910	6.800	0.2956	6.800	0.3091	6.800	0.3513	6.800	0.3816	6.800	0.3752	6.800	0.3807	6.800	0.4048
6.850	0.6734	6.850	0.3570	6.850	0.2788	6.850	0.3154	6.850	0.3392	6.850	0.3907	6.850	0.3719	6.850	0.3793	6.850	0.4017
6.900	0.6863	6.900	0.3268	6.900	0.2681	6.900	0.3248	6.900	0.3293	6.900	0.4005	6.900	0.3698	6.900	0.3789	6.900	0.3989
6.950	0.6902	6.950	0.2994	6.950	0.2618	6.950	0.3370	6.950	0.3222	6.950	0.4108	6.950	0.3689	6.950	0.3799	6.950	0.3967
7.000	0.6873	7.000	0.2738	7.000	0.2604	7.000	0.3516	7.000	0.3179	7.000	0.4212	7.000	0.3696	7.000	0.3814	7.000	0.3948
7.050	0.6759	7.050	0.2546	7.050	0.2637	7.050	0.3680	7.050	0.3168	7.050	0.4313	7.050	0.3714	7.050	0.3862	7.050	0.3934
7.100	0.6557	7.100	0.2404	7.100	0.2719	7.100	0.3880	7.100	0.3185	7.100	0.4408	7.100	0.3747	7.100	0.3897	7.100	0.3928
7.150	0.6280	7.150	0.2317	7.150	0.2863	7.150	0.4065	7.150	0.3234	7.150	0.4491	7.150	0.3809	7.150	0.3939	7.150	0.3928
7.200	0.5935	7.200	0.2286	7.200	0.3027	7.200	0.4254	7.200	0.3309	7.200	0.4565	7.200	0.3862	7.200	0.3989	7.200	0.3935
7.250	0.5510	7.250	0.2312	7.250	0.3229	7.250	0.4438	7.250	0.3412	7.250	0.4624	7.250	0.3925	7.250	0.4042	7.250	0.3947
7.300	0.5055	7.300	0.2397	7.300	0.3460	7.300	0.4610	7.300	0.3537	7.300	0.4666	7.300	0.3994	7.300	0.4097	7.300	0.3966
7.350	0.4546	7.350	0.2534	7.350	0.3730	7.350	0.4788	7.350	0.3680	7.350	0.4690	7.350	0.4066	7.350	0.4154	7.350	0.3990
7.400	0.4040	7.400	0.2724	7.400	0.3996	7.400	0.4923	7.400	0.3858	7.400	0.4696	7.400	0.4142	7.400	0.4211	7.400	0.4015
7.450	0.3517	7.450	0.2978	7.450	0.4263	7.450	0.5034	7.450	0.4023	7.450	0.4683	7.450	0.4216	7.450	0.4264	7.450	0.4046
7.500	0.3032	7.500	0.3249	7.500	0.4525	7.500	0.5117	7.500	0.4191	7.500	0.4652	7.500	0.4288	7.500	0.4314	7.500	0.4081
7.550	0.2567	7.550	0.3550	7.550	0.4794	7.550	0.5166	7.550	0.4358	7.550	0.4604	7.550	0.4354	7.550	0.4356	7.550	0.4117
7.600	0.2184	7.600	0.3888	7.600	0.5022	7.600	0.5185	7.600	0.4516	7.600	0.4541	7.600	0.4412	7.600	0.4391	7.600	0.4151
7.650	0.1922	7.650	0.4211	7.650	0.5220	7.650	0.5168	7.650	0.4662	7.650	0.4462	7.650	0.4461	7.650	0.4417	7.650	0.4186
7.700	0.1654	7.700	0.4532	7.700	0.5383	7.700	0.5119	7.700	0.4808	7.700	0.4375	7.700	0.4499	7.700	0.4434	7.700	0.4218
7.750	0.1557	7.750	0.4860	7.750	0.5505	7.750	0.5038	7.750	0.4913	7.750	0.4277	7.750	0.4525	7.750	0.4439	7.750	0.4250
7.800	0.1474	7.800	0.5144	7.800	0.5584	7.800	0.4927	7.800	0.4995	7.800	0.4177	7.800	0.4537	7.800	0.4436	7.800	0.4274
7.850	0.1467	7.850	0.5393	7.850	0.5615	7.850	0.4792	7.850	0.5048	7.850	0.4072	7.850	0.4536	7.850	0.4423	7.850	0.4294
7.900	0.1542	7.900	0.5600	7.900	0.5601	7.900	0.4614	7.900	0.5071	7.900	0.3971	7.900	0.4523	7.900	0.4399	7.900	0.4310
7.950	0.1652	7.950	0.5760	7.950	0.5538	7.950	0.4441	7.950	0.5063	7.950	0.3855	7.950	0.4495	7.950	0.4365	7.950	0.4319
8.000	0.1885	8.000	0.5867	8.000	0.5431	8.000	0.4257	8.000	0.5028	8.000	0.3767	8.000	0.4454	8.000	0.4325	8.000	0.4322
8.050	0.2168	8.050	0.5920	8.050	0.5284	8.050	0.4067	8.050	0.4961	8.050	0.3687	8.050	0.4405	8.050	0.4277	8.050	0.4317
8.100	0.2506	8.100	0.5917	8.100	0.5098	8.100	0.3883	8.100	0.4870	8.100	0.3623	8.100	0.4346	8.100	0.4226	8.100	0.4307
8.150	0.2966	8.150	0.5857	8.150	0.4880	8.150	0.3704	8.150	0.4736	8.150	0.3575	8.150	0.4279	8.150	0.4171	8.150	0.4292
8.200	0.3445	8.200	0.5745	8.200	0.4620	8.200	0.3519	8.200	0.4598	8.200	0.3543	8.200	0.4207	8.200	0.4114	8.200	0.4270
8.250	0.3965	8.250	0.5580	8.250	0.4360	8.250	0.3372	8.250	0.4447	8.250	0.3529	8.250	0.4131	8.250	0.4057	8.250	0.4242
8.300	0.4469	8.300	0.5367	8.300	0.4093	8.300	0.3251	8.300	0.4285	8.300	0.3536	8.300	0.4057	8.300	0.4004	8.300	0.4211
8.350	0.4978	8.350	0.5113	8.350	0.3830	8.350	0.3157	8.350	0.4116	8.350	0.3561	8.350	0.3985	8.350	0.3954	8.350	0.4179
8.400	0.5438	8.400	0.4829	8.400	0.3552	8.400	0.3095	8.400	0.3951	8.400	0.3604	8.400	0.3918	8.400	0.3909	8.400	0.4144
8.450	0.5849	8.450	0.4499	8.450	0.3313	8.450	0.3065	8.450	0.3788	8.450	0.3664	8.450	0.3856	8.450	0.3871	8.450	0.4108
8.500	0.6221	8.500	0.4177	8.500	0.3101	8.500	0.3070	8.500	0.3618	8.500	0.3737	8.500	0.3783	8.500	0.3841	8.500	0.4074
8.550	0.6507	8.550	0.3853	8.550	0.2904	8.550	0.3107	8.550	0.3482	8.550	0.3823	8.550	0.3743	8.550	0.3822	8.550	0.4039
8.600	0.6718	8.600	0.3518	8.600	0.2764	8.600	0.3178	8.600	0.3366	8.600	0.3935	8.600	0.3712	8.600	0.3812	8.600	0.4008
8.650	0.6853	8.650	0.3220	8.650	0.2665	8.650	0.3279	8.650	0.3276	8.650	0.4034	8.650	0.3695	8.650	0.3792	8.650	0.3984
8.700	0.6897	8.700	0.2954	8.700	0.2614	8.700	0.3406	8.700	0.3212	8.700	0.4138	8.700	0.3691	8.700	0.3823	8.700	0.3962
8.750	0.6864	8.750	0.2707	8.750	0.2612	8.750	0.3559	8.750	0.3177	8.750	0.4241	8.750	0.3701	8.750	0.3842	8.750	0.3944
8.800	0.6743	8.800	0.2523	8.800	0.2654	8.800	0.3726	8.800	0.3173	8.800	0.4341	8.800	0.3725	8.800	0.3873	8.800	0.3934
8.850	0.6543	8.850	0.2392	8.850	0.2746	8.850	0.3928	8.850	0.3200	8.850	0.4432	8.850	0.3758	8.850	0.3910	8.850	0.3930
8.900	0.6266	8.900	0.2314	8.900	0.2879	8.900	0.4111	8.900	0.3254	8.900	0.4513	8.900	0.3826	8.900	0.3957	8.900	0.3932
8.950	0.5924	8.950	0.2296	8.950	0.3072	8.950	0.4299	8.950	0.3338	8.950	0.4582	8.950	0.3882	8.950	0.4005	8.950	0.3938
9.000	0.5501	9.000	0.2333	9.000	0.3281	9.000	0.4481	9.000	0.3446	9.000	0.4636	9.000	0.3946	9.000	0.4060	9.000	0.3954
9.050	0.5048	9.050	0.2427	9.050	0.3515	9.050	0.4650	9.050	0.3576	9.050	0.4674	9.050	0.4016	9.050	0.4115	9.050	0.3971
9.100	0.4542	9.100	0.2572	9.100	0.3790	9.100	0.4821	9.100	0.3723	9.100	0.4692	9.100	0.4088	9.100	0.4173	9.100	0.3997
9.150	0.4039	9.150	0.2768	9.150	0.4055	9.150	0.4951	9.150	0.3902	9.150	0.4693	9.150	0.4164	9.150	0.4226	9.150	0.4024
9.200	0.3520	9.200	0.3029	9.200	0.4321	9.200	0.5055	9.200	0.4067	9.200	0.4676	9.200	0.4238	9.200	0.4280	9.200	0.4057
9.250	0.3037	9.250	0.3307	9.250	0.4580	9.250	0.5128	9.250	0.4236	9.250	0.4640	9.250	0.4307	9.250	0.4327	9.250	0.4091
9.300	0.2575	9.300	0.3608	9.300	0.4844	9.300	0.5170	9.300	0.4401	9.300	0.4587	9.300	0.4371	9.300	0.4365	9.300	0.4125
9.350	0.2217	9.350	0.3949	9.350	0.5065	9.350	0.5180	9.350	0.4554	9.350	0.4519	9.350	0.4428	9.350	0.4397	9.350	0.4162
9.400	0.1935	9.400	0.4270	9.400	0.5255	9.400	0.5155	9.400	0.4696	9.400	0.4438	9.400	0.4473	9.400	0.4422	9.400	0.4196
9.450	0.1668	9.450	0.4587	9.450	0.5409	9.450	0.5097	9.450	0.4816	9.450	0.4347	9.450	0.4508	9.450	0.4436	9.450	0.4227
9.500	0.1571	9.500	0.4910	9.500	0.5521	9.500	0.5007	9.500	0.4934	9.500	0.4249	9.500	0.4529	9.500	0.4438	9.500	0.4256
9.550	0.1488	9.550	0.5187	9.550	0.5589	9.550	0.4891	9.550	0.5007	9.550	0.4148	9.550	0.4537	9.550	0.4431	9.550	0.4281
9.600	0.1484	9.600	0.5427	9.600	0.5612	9.600	0.4749	9.600	0.5053	9.600	0.4043	9.600	0.4533	9.600	0.4414	9.600	0.4300
9.650	0.1557	9.650	0.5626	9.650	0.5585	9.650	0.4568	9.650	0.5068	9.650	0.3943	9.650	0.4516	9.650	0.4389	9.650	0.4312
9.700	0.1671	9.700	0.5776	9.700	0.5515	9.700	0.4392	9.700	0.5055	9.700	0.3850	9.700	0.4483	9.700	0.4353	9.700	0.4319
9.750	0.1899	9.750	0.5872	9.750	0.5399	9.750	0.4207	9.750	0.5009	9.750	0.3744	9.750	0.4441	9.750	0.4312	9.750	0.4319
9.800	0.2180	9.800	0.5916	9.800	0.5242	9.800	0.4019	9.800	0.4936	9.800	0.3672	9.800	0.4388	9.800	0.4262	9.800	0.4312
9.850	0.2518	9.850	0.5902	9.850	0.5050	9.850	0.3835	9.850	0.4819	9.850	0.3611	9.850	0.4326	9.850	0.4209	9.850	0.4300
9.900	0.2974	9.900	0.5833	9.900	0.4827	9.900	0.3639	9.900	0.4699	9.900	0.3568	9.900	0.4257	9.900	0.4152	9.900	0.4283
9.950	0.3450	9.950	0.5711	9.950	0.4563	9.950	0.3479	9.950	0.4559	9.950	0.3542	9.950	0.4185	9.950	0.4095	9.950	0.4259
10.000	0.3967	10.000	0.5539	10.000	0.4303	10.000	0.3341	10.000	0.4404	10.000	0.3534	10.000	0.4109	10.000	0.4038	10.000	0.4232
10.050	0.4467	10.050	0.5319	10.050	0.4037	10.050	0.3225	10.050	0.4241	10.050	0.3546	10.050	0.4037	10.050	0.3988	10.050	0.4203
10.100	0.4975	10.100	0.5062	10.100	0.3755	10.100	0.3140	10.100	0.4072	10.100	0.3577	10.100	0.3966	10.100	0.3938	10.100	0.4168
10.150	0.5431	10.150	0.4772	10.150	0.3501	10.150	0.3086	10.150	0.3908	10.150	0.3623	10.150	0.3899	10.150	0.3897	10.150	0.4134
10.200	0.5839	10.200	0.4441	10.200	0.3270	10.200	0.3065	10.200	0.3729	10.200	0.3686	10.200	0.3840	10.200	0.3841	10.200	0.4098
10.250	0.6209	10.250	0.4118	10.250	0.3065	10.250	0.3078	10.250	0.3582	10.250	0.3782	10.250	0.3792	10.250	0.3814	10.250	0.4063
10.300	0.6494	10.300	0.3798	10.300	0.2876	10.300	0.3126	10.300	0.3451	10.300	0.3870	10.300	0.3735	10.300	0.3798	10.300	0.4031
10.350	0.6705	10.350	0.3466	10.350	0.2745	10.350	0.3204	10.350	0.3344	10.350	0.3966	10.350	0.3707	10.350	0.3791	10.350	0.4003
10.400	0.6833	10.400	0.3175	10.400	0.2658	10.400	0.3312	10.400	0.3259	10.400	0.4065	10.400	0.3693	10.400	0.3796	10.400	0.3979
10.450	0.6889	10.450	0.2916	10.450	0.2618	10.450	0.3445	10.450	0.3203	10.450	0.4169	10.450	0.3694	10.450	0.3807	10.450	0.3960
10.500	0.6849	10.500	0.2677	10.500	0.2624	10.500	0.3601	10.500	0.3177	10.500	0.4270	10.500	0.3708	10.500	0.3852	10.500	0.3944
10.550	0.6726	10.550	0.2504	10.550	0.2678	10.550	0.3792	10.550	0.3180	10.550	0.4368	10.550	0.3733	10.550	0.3883	10.550	0.3935
10.600	0.6528	10.600	0.2380	10.600	0.2779	10.600	0.3974	10.600	0.3213	10.600	0.4456	10.600	0.3774	10.600	0.3924	10.600	0.3932
10.650	0.6254	10.650	0.2315	10.650	0.2940	10.650	0.4160	10.650	0.3277	10.650	0.4534	10.650	0.3841	10.650	0.3970	10.650	0.3937
10.700	0.5912	10.700	0.2306	10.700	0.3120	10.700	0.4347	10.700	0.3367	10.700	0.4598	10.700	0.3901	10.700	0.4022	10.700	0.3945
10.750	0.5493	10.750	0.2352	10.750	0.3334	10.750	0.4524	10.750	0.3482	10.750	0.4647	10.750	0.3966	10.750	0.4075	10.750	0.3962
10.800	0.5042	10.800	0.2456	10.800	0.3572	10.800	0.4689	10.800	0.3615	10.800	0.4680	10.800	0.4037	10.800	0.4132	10.800	0.3981
10.850	0.4537	10.850	0.2611	10.850	0.3850	10.850	0.4854	10.850	0.3786	10.850	0.4692	10.850	0.4111	10.850	0.4189	10.850	0.4007
10.900	0.4039	10.900	0.2815	10.900	0.4111	10.900	0.4978	10.900	0.3947	10.900	0.4689	10.900	0.4185	10.900	0.4244	10.900	0.4036
10.950	0.3520	10.950	0.3081	10.950	0.4378	10.950	0.5074	10.950	0.4112	10.950	0.4666	10.950	0.4259	10.950	0.4292	10.950	0.4069
11.000	0.3042	11.000	0.3360	11.000	0.4634	11.000	0.5140	11.000	0.4280	11.000	0.4625	11.000	0.4326	11.000	0.4337	11.000	0.4103
11.050	0.2582	11.050	0.3667	11.050	0.4891	11.050	0.5172	11.050	0.4442	11.050	0.4567	11.050	0.4388	11.050	0.4375	11.050	0.4139
11.100	0.2196	11.100	0.4004	11.100	0.5105	11.100	0.5173	11.100	0.4592	11.100	0.4497	11.100	0.4440	11.100	0.4406	11.100	0.4174
11.150	0.1947	11.150	0.4326	11.150	0.5288	11.150	0.5140	11.150	0.4747	11.150	0.4412	11.150	0.4483	11.150	0.4425	11.150	0.4206
11.200	0.1681	11.200	0.4641	11.200	0.5432	11.200	0.5073	11.200	0.4863	11.200	0.4320	11.200	0.4515	11.200	0.4436	11.200	0.4237
11.250	0.1587	11.250	0.4958	11.250	0.5533	11.250	0.4976	11.250	0.4955	11.250	0.4220	11.250	0.4532	11.250	0.4436	11.250	0.4263
11.300	0.1502	11.300	0.5227	11.300	0.5591	11.300	0.4853	11.300	0.5021	11.300	0.4117	11.300	0.4536	11.300	0.4426	11.300	0.4286
11.350	0.1497	11.350	0.5460	11.350	0.5603	11.350	0.4688	11.350	0.5057	11.350	0.4015	11.350	0.4528	11.350	0.4407	11.350	0.4301
11.400	0.1573	11.400	0.5649	11.400	0.5567	11.400	0.4521	11.400	0.5064	11.400	0.3917	11.400	0.4506	11.400	0.4378	11.400	0.4314
11.450	0.1657	11.450	0.5788	11.450	0.5486	11.450	0.4343	11.450	0.5043	11.450	0.3826	11.450	0.4471	11.450	0.4341	11.450	0.4319
11.500	0.1913	11.500	0.5876	11.500	0.5361	11.500	0.4157	11.500	0.4990	11.500	0.3724	11.500	0.4425	11.500	0.4296	11.500	0.4317
11.550	0.2187	11.550	0.5909	11.550	0.5199	11.550	0.3972	11.550	0.4910	11.550	0.3653	11.550	0.4370	11.550	0.4246	11.550	0.4309
11.600	0.2530	11.600	0.5885	11.600	0.4998	11.600	0.3790	11.600	0.4808	11.600	0.3597	11.600	0.4307	11.600	0.4193	11.600	0.4295
11.650	0.2983	11.650	0.5808	11.650	0.4772	11.650	0.3598	11.650	0.4662	11.650	0.3559	11.650	0.4236	11.650	0.4136	11.650	0.4277
11.700	0.3457	11.700	0.5677	11.700	0.4505	11.700	0.3443	11.700	0.4519	11.700	0.3538	11.700	0.4162	11.700	0.4079	11.700	0.4251
11.750	0.3972	11.750	0.5496	11.750	0.4245	11.750	0.3311	11.750	0.4361	11.750	0.3536	11.750	0.4088	11.750	0.4026	11.750	0.4222
11.800	0.4469	11.800	0.5270	11.800	0.3980	11.800	0.3204	11.800	0.4196	11.800	0.3553	11.800	0.4016	11.800	0.3974	11.800	0.4191
11.850	0.4973	11.850	0.5007	11.850	0.3700	11.850	0.3126	11.850	0.4029	11.850	0.3589	11.850	0.3947	11.850	0.3928	11.850	0.4156
11.900	0.5428	11.900	0.4696	11.900	0.3451	11.900	0.3081	11.900	0.3865	11.900	0.3640	11.900	0.3883	11.900	0.3888	11.900	0.4120
11.950	0.5832	11.950	0.4382	11.950	0.3225	11.950	0.3070	11.950	0.3691	11.950	0.3708	11.950	0.3827	11.950	0.3855	11.950	0.4086
12.000	0.6201	12.000	0.4062	12.000	0.3028	12.000	0.3092	12.000	0.3546	12.000	0.3787	12.000	0.3762	12.000	0.3831	12.000	0.4051
12.050	0.6483	12.050	0.3724	12.050	0.2868	12.050	0.3146	12.050	0.3423	12.050	0.3897	12.050	0.3726	12.050	0.3817	12.050	0.4022
12.100	0.6693	12.100	0.3415	12.100	0.2727	12.100	0.3231	12.100	0.3319	12.100	0.3995	12.100	0.3703	12.100	0.3813	12.100	0.3994
12.150	0.6822	12.150	0.3132	12.150	0.2651	12.150	0.3346	12.150	0.3243	12.150	0.4095	12.150	0.3694	12.150	0.3820	12.150	0.3970
12.200	0.6866	12.200	0.2880	12.200	0.2621	12.200	0.3487	12.200	0.3196	12.200	0.4198	12.200	0.3699	12.200	0.3835	12.200	0.3953
12.250	0.6832	12.250	0.2650	12.250	0.2638	12.250	0.3646	12.250	0.3177	12.250	0.4298	12.250	0.3716	12.250	0.3862	12.250	0.3939
12.300	0.6712	12.300	0.2484	12.300	0.2700	12.300	0.3838	12.300	0.3188	12.300	0.4392	12.300	0.3745	12.300	0.3897	12.300	0.3932
12.350	0.6514	12.350	0.2374	12.350	0.2809	12.350	0.4022	12.350	0.3231	12.350	0.4479	12.350	0.3788	12.350	0.3938	12.350	0.3932
12.400	0.6241	12.400	0.2317	12.400	0.2979	12.400	0.4208	12.400	0.3301	12.400	0.4553	12.400	0.3858	12.400	0.3988	12.400	0.3937
12.450	0.5900	12.450	0.2316	12.450	0.3166	12.450	0.4392	12.450	0.3396	12.450	0.4612	12.450	0.3920	12.450	0.4037	12.450	0.3950
12.500	0.5482	12.500	0.2375	12.500	0.3385	12.500	0.4566	12.500	0.3516	12.500	0.4655	12.500	0.3989	12.500	0.4094	12.500	0.3966
12.550	0.5032	12.550	0.2486	12.550	0.3627	12.550	0.4726	12.550	0.3655	12.550	0.4683	12.550	0.4057	12.550	0.4149	12.550	0.3990
12.600	0.4530	12.600	0.2651	12.600	0.3905	12.600	0.4885	12.600	0.3809	12.600	0.4691	12.600	0.4133	12.600	0.4206	12.600	0.4016
12.650	0.4033	12.650	0.2861	12.650	0.4170	12.650	0.5001	12.650	0.3992	12.650	0.4681	12.650	0.4207	12.650	0.4257	12.650	0.4045
12.700	0.3518	12.700	0.3132	12.700	0.4431	12.700	0.5090	12.700	0.4157	12.700	0.4652	12.700	0.4278	12.700	0.4308	12.700	0.4079
12.750	0.3044	12.750	0.3418	12.750	0.4684	12.750	0.5146	12.750	0.4322	12.750	0.4608	12.750	0.4343	12.750	0.4351	12.750	0.4113
12.800	0.2586	12.800	0.3744	12.800	0.4936	12.800	0.5171	12.800	0.4482	12.800	0.4546	12.800	0.4404	12.800	0.4385	12.800	0.4150
12.850	0.2203	12.850	0.4062	12.850	0.5143	12.850	0.5163	12.850	0.4628	12.850	0.4471	12.850	0.4452	12.850	0.4411	12.850	0.4182
12.900	0.1959	12.900	0.4383	12.900	0.5318	12.900	0.5121	12.900	0.4759	12.900	0.4385	12.900	0.4492	12.900	0.4429	12.900	0.4215
12.950	0.1695	12.950	0.4694	12.950	0.5451	12.950	0.5046	12.950	0.4888	12.950	0.4290	12.950	0.4518	12.950	0.4436	12.950	0.4244
13.000	0.1600	13.000	0.5004	13.000	0.5544	13.000	0.4944	13.000	0.4973	13.000	0.4189	13.000	0.4532	13.000	0.4433	13.000	0.4269
13.050	0.1519	13.050	0.5267	13.050	0.5592	13.050	0.4814	13.050	0.5030	13.050	0.4086	13.050	0.4534	13.050	0.4421	13.050	0.4289
13.100	0.1516	13.100	0.5491	13.100	0.5593	13.100	0.4643	13.100	0.5059	13.100	0.3986	13.100	0.4521	13.100	0.4397	13.100	0.4305
13.150	0.1590	13.150	0.5672	13.150	0.5548	13.150	0.4475	13.150	0.5058	13.150	0.3890	13.150	0.4495	13.150	0.4366	13.150	0.4315
13.200	0.1676	13.200	0.5801	13.200	0.5458	13.200	0.4294	13.200	0.5028	13.200	0.3781	13.200	0.4458	13.200	0.4327	13.200	0.4319
13.250	0.1930	13.250	0.5878	13.250	0.5325	13.250	0.4108	13.250	0.4970	13.250	0.3703	13.250	0.4410	13.250	0.4281	13.250	0.4316
13.300	0.2180	13.300	0.5901	13.300	0.5154	13.300	0.3926	13.300	0.4883	13.300	0.3637	13.300	0.4352	13.300	0.4229	13.300	0.4306
13.350	0.2544	13.350	0.5868	13.350	0.4949	13.350	0.3726	13.350	0.4754	13.350	0.3587	13.350	0.4286	13.350	0.4174	13.350	0.4288
13.400	0.2993	13.400	0.5781	13.400	0.4699	13.400	0.3558	13.400	0.4624	13.400	0.3554	13.400	0.4216	13.400	0.4117	13.400	0.4268
13.450	0.3464	13.450	0.5641	13.450	0.4448	13.450	0.3410	13.450	0.4476	13.450	0.3538	13.450	0.4142	13.450	0.4062	13.450	0.4242
13.500	0.3977	13.500	0.5451	13.500	0.4186	13.500	0.3284	13.500	0.4316	13.500	0.3541	13.500	0.4066	13.500	0.4009	13.500	0.4213
13.550	0.4471	13.550	0.5218	13.550	0.3924	13.550	0.3183	13.550	0.4151	13.550	0.3563	13.550	0.3995	13.550	0.3960	13.550	0.4180
13.600	0.4971	13.600	0.4951	13.600	0.3648	13.600	0.3116	13.600	0.3986	13.600	0.3602	13.600	0.3928	13.600	0.3916	13.600	0.4146
13.650	0.5424	13.650	0.4635	13.650	0.3403	13.650	0.3079	13.650	0.3826	13.650	0.3659	13.650	0.3865	13.650	0.3878	13.650	0.4110
13.700	0.5827	13.700	0.4322	13.700	0.3186	13.700	0.3077	13.700	0.3653	13.700	0.3730	13.700	0.3794	13.700	0.3848	13.700	0.4075
13.750	0.6192	13.750	0.4003	13.750	0.2994	13.750	0.3105	13.750	0.3513	13.750	0.3834	13.750	0.3750	13.750	0.3827	13.750	0.4043
13.800	0.6472	13.800	0.3665	13.800	0.2824	13.800	0.3168	13.800	0.3395	13.800	0.3926	13.800	0.3717	13.800	0.3817	13.800	0.4013
13.850	0.6679	13.850	0.3363	13.850	0.2713	13.850	0.3262	13.850	0.3300	13.850	0.4024	13.850	0.3700	13.850	0.3815	13.850	0.3989
13.900	0.6809	13.900	0.3085	13.900	0.2646	13.900	0.3382	13.900	0.3233	13.900	0.4126	13.900	0.3694	13.900	0.3825	13.900	0.3967
13.950	0.6856	13.950	0.2824	13.950	0.2626	13.950	0.3528	13.950	0.3191	13.950	0.4227	13.950	0.3703	13.950	0.3844	13.950	0.3949
14.000	0.6818	14.000	0.2622	14.000	0.2653	14.000	0.3690	14.000	0.3182	14.000	0.4327	14.000	0.3725	14.000	0.3871	14.000	0.3939
14.050	0.6697	14.050	0.2468	14.050	0.2726	14.050	0.3886	14.050	0.3200	14.050	0.4418	14.050	0.3757	14.050	0.3909	14.050	0.3934
14.100	0.6498	14.100	0.2367	14.100	0.2845	14.100	0.4070	14.100	0.3249	14.100	0.4501	14.100	0.3803	14.100	0.3953	14.100	0.3935
14.150	0.6225	14.150	0.2320	14.150	0.3022	14.150	0.4256	14.150	0.3328	14.150	0.4570	14.150	0.3877	14.150	0.4001	14.150	0.3942
14.200	0.5885	14.200	0.2333	14.200	0.3216	14.200	0.4438	14.200	0.3429	14.200	0.4626	14.200	0.3939	14.200	0.4053	14.200	0.3957
14.250	0.5468	14.250	0.2399	14.250	0.3438	14.250	0.4608	14.250	0.3554	14.250	0.4666	14.250	0.4008	14.250	0.4109	14.250	0.3974
14.300	0.5020	14.300	0.2521	14.300	0.3685	14.300	0.4781	14.300	0.3696	14.300	0.4687	14.300	0.4080	14.300	0.4166	14.300	0.4000
14.350	0.4523	14.350	0.2691	14.350	0.3964	14.350	0.4916	14.350	0.3871	14.350	0.4691	14.350	0.4154	14.350	0.4221	14.350	0.4026
14.400	0.4028	14.400	0.2930	14.400	0.4227	14.400	0.5025	14.400	0.4035	14.400	0.4676	14.400	0.4226	14.400	0.4273	14.400	0.4057
14.450	0.3517	14.450	0.3187	14.450	0.4486	14.450	0.5105	14.450	0.4201	14.450	0.4642	14.450	0.4297	14.450	0.4320	14.450	0.4091
14.500	0.3044	14.500	0.3475	14.500	0.4735	14.500	0.5154	14.500	0.4365	14.500	0.4591	14.500	0.4360	14.500	0.4359	14.500	0.4125
14.550	0.2591	14.550	0.3805	14.550	0.4981	14.550	0.5169	14.550	0.4522	14.550	0.4526	14.550	0.4418	14.550	0.4392	14.550	0.4160
14.600	0.2212	14.600	0.4120	14.600	0.5179	14.600	0.5151	14.600	0.4664	14.600	0.4447	14.600	0.4462	14.600	0.4417	14.600	0.4193
14.650	0.1969	14.650	0.4440	14.650	0.5345	14.650	0.5102	14.650	0.4808	14.650	0.4357	14.650	0.4499	14.650	0.4431	14.650	0.4224
14.700	0.1707	14.700	0.4746	14.700	0.5469	14.700	0.5021	14.700	0.4912	14.700	0.4261	14.700	0.4523	14.700	0.4436	14.700	0.4253
14.750	0.1616	14.750	0.5051	14.750	0.5553	14.750	0.4909	14.750	0.4988	14.750	0.4160	14.750	0.4534	14.750	0.4429	14.750	0.4275
14.800	0.1534	14.800	0.5306	14.800	0.5589	14.800	0.4774	14.800	0.5039	14.800	0.4058	14.800	0.4531	14.800	0.4414	14.800	0.4295
14.850	0.1532	14.850	0.5523	14.850	0.5580	14.850	0.4599	14.850	0.5059	14.850	0.3960	14.850	0.4514	14.850	0.4389	14.850	0.4307
14.900	0.1607	14.900	0.5693	14.900	0.5526	14.900	0.4427	14.900	0.5051	14.900	0.3864	14.900	0.4485	14.900	0.4354	14.900	0.4315
14.950	0.1716	14.950	0.5811	14.950	0.5426	14.950	0.4246	14.950	0.5012	14.950	0.3758	14.950	0.4444	14.950	0.4313	14.950	0.4316
15.000	0.1951	15.000	0.5879	15.000	0.5286	15.000	0.4060	15.000	0.4946	15.000	0.3684	15.000	0.4391	15.000	0.4265	15.000	0.4309
15.050	0.2192	15.050	0.5891	15.050	0.5108	15.050	0.3878	15.050	0.4854	15.050	0.3623	15.050	0.4331	15.050	0.4214	15.050	0.4297
15.100	0.2561	15.100	0.5848	15.100	0.4899	15.100	0.3683	15.100	0.4718	15.100	0.3576	15.100	0.4264	15.100	0.4159	15.100	0.4282
15.150	0.3009	15.150	0.5752	15.150	0.4644	15.150	0.3520	15.150	0.4584	15.150	0.3549	15.150	0.4192	15.150	0.4104	15.150	0.4259
15.200	0.3474	15.200	0.5603	15.200	0.4391	15.200	0.3377	15.200	0.4433	15.200	0.3540	15.200	0.4118	15.200	0.4047	15.200	0.4232
15.250	0.3984	15.250	0.5407	15.250	0.4127	15.250	0.3258	15.250	0.4271	15.250	0.3548	15.250	0.4044	15.250	0.3997	15.250	0.4203
15.300	0.4476	15.300	0.5168	15.300	0.3868	15.300	0.3168	15.300	0.4106	15.300	0.3575	15.300	0.3975	15.300	0.3947	15.300	0.4168
15.350	0.4972	15.350	0.4897	15.350	0.3595	15.350	0.3107	15.350	0.3942	15.350	0.3619	15.350	0.3909	15.350	0.3903	15.350	0.4134
15.400	0.5420	15.400	0.4578	15.400	0.3356	15.400	0.3079	15.400	0.3783	15.400	0.3681	15.400	0.3851	15.400	0.3869	15.400	0.4100
15.450	0.5842	15.450	0.4265	15.450	0.3142	15.450	0.3085	15.450	0.3615	15.450	0.3754	15.450	0.3780	15.450	0.3841	15.450	0.4065
15.500	0.6184	15.500	0.3946	15.500	0.2963	15.500	0.3122	15.500	0.3482	15.500	0.3859	15.500	0.3742	15.500	0.3824	15.500	0.4034
15.550	0.6461	15.550	0.3613	15.550	0.2800	15.550	0.3194	15.550	0.3369	15.550	0.3954	15.550	0.3712	15.550	0.3817	15.550	0.4005
15.600	0.6667	15.600	0.3316	15.600	0.2700	15.600	0.3293	15.600	0.3283	15.600	0.4052	15.600	0.3698	15.600	0.3820	15.600	0.3981
15.650	0.6792	15.650	0.3044	15.650	0.2642	15.650	0.3420	15.650	0.3219	15.650	0.4155	15.650	0.3696	15.650	0.3830	15.650	0.3962
15.700	0.6835	15.700	0.2789	15.700	0.2633	15.700	0.3571	15.700	0.3187	15.700	0.4256	15.700	0.3709	15.700	0.3854	15.700	0.3946
15.750	0.6799	15.750	0.2598	15.750	0.2672	15.750	0.3737	15.750	0.3187	15.750	0.4353	15.750	0.3735	15.750	0.3885	15.750	0.3937
15.800	0.6680	15.800	0.2452	15.800	0.2755	15.800	0.3935	15.800	0.3214	15.800	0.4443	15.800	0.3792	15.800	0.3924	15.800	0.3934
15.850	0.6479	15.850	0.2362	15.850	0.2881	15.850	0.4117	15.850	0.3270	15.850	0.4518	15.850	0.3839	15.850	0.3969	15.850	0.3937
15.900	0.6208	15.900	0.2327	15.900	0.3067	15.900	0.4302	15.900	0.3354	15.900	0.4586	15.900	0.3896	15.900	0.4018	15.900	0.3947
15.950	0.5871	15.950	0.2348	15.950	0.3267	15.950	0.4481	15.950	0.3463	15.950	0.4636	15.950	0.3961	15.950	0.4072	15.950	0.3962
16.000	0.5454	16.000	0.2425	16.000	0.3495	16.000	0.4646	16.000	0.3592	16.000	0.4669	16.000	0.4028	16.000	0.4128	16.000	0.3981
16.050	0.5009	16.050	0.2557	16.050	0.3763	16.050	0.4816	16.050	0.3737	16.050	0.4685	16.050	0.4102	16.050	0.4183	16.050	0.4007
16.100	0.4514	16.100	0.2736	16.100	0.4022	16.100	0.4942	16.100	0.3916	16.100	0.4682	16.100	0.4178	16.100	0.4239	16.100	0.4034
16.150	0.4023	16.150	0.2980	16.150	0.4285	16.150	0.5044	16.150	0.4079	16.150	0.4662	16.150	0.4248	16.150	0.4287	16.150	0.4067
16.200	0.3517	16.200	0.3242	16.200	0.4543	16.200	0.5116	16.200	0.4246	16.200	0.4625	16.200	0.4317	16.200	0.4332	16.200	0.4101
16.250	0.3047	16.250	0.3533	16.250	0.4803	16.250	0.5156	16.250	0.4406	16.250	0.4572	16.250	0.4378	16.250	0.4370	16.250	0.4137
16.300	0.2598	16.300	0.3863	16.300	0.5024	16.300	0.5164	16.300	0.4560	16.300	0.4502	16.300	0.4431	16.300	0.4399	16.300	0.4172
16.350	0.2220	16.350	0.4179	16.350	0.5215	16.350	0.5139	16.350	0.4697	16.350	0.4421	16.350	0.4475	16.350	0.4422	16.350	0.4205
16.400	0.1979	16.400	0.4495	16.400	0.5373	16.400	0.5080	16.400	0.4836	16.400	0.4330	16.400	0.4506	16.400	0.4432	16.400	0.4234
16.450	0.1721	16.450	0.4817	16.450	0.5488	16.450	0.4991	16.450	0.4931	16.450	0.4232	16.450	0.4525	16.450	0.4434	16.450	0.4260
16.500	0.1623	16.500	0.5096	16.500	0.5560	16.500	0.4875	16.500	0.5002	16.500	0.4130	16.500	0.4532	16.500	0.4426	16.500	0.4282
16.550	0.1550	16.550	0.5343	16.550	0.5587	16.550	0.4735	16.550	0.5043	16.550	0.4029	16.550	0.4524	16.550	0.4407	16.550	0.4300
16.600	0.1549	16.600	0.5550	16.600	0.5568	16.600	0.4557	16.600	0.5057	16.600	0.3931	16.600	0.4504	16.600	0.4380	16.600	0.4310
16.650	0.1619	16.650	0.5710	16.650	0.5502	16.650	0.4382	16.650	0.5037	16.650	0.3820	16.650	0.4471	16.650	0.4342	16.650	0.4316
16.700	0.1711	16.700	0.5820	16.700	0.5395	16.700	0.4200	16.700	0.4995	16.700	0.3736	16.700	0.4427	16.700	0.4299	16.700	0.4314
16.750	0.1967	16.750	0.5875	16.750	0.5245	16.750	0.4015	16.750	0.4921	16.750	0.3665	16.750	0.4372	16.750	0.4251	16.750	0.4307
16.800	0.2204	16.800	0.5879	16.800	0.5060	16.800	0.3835	16.800	0.4804	16.800	0.3608	16.800	0.4310	16.800	0.4198	16.800	0.4294
16.850	0.2573	16.850	0.5826	16.850	0.4844	16.850	0.3641	16.850	0.4682	16.850	0.3568	16.850	0.4243	16.850	0.4143	16.850	0.4275
16.900	0.3021	16.900	0.5721	16.900	0.4587	16.900	0.3484	16.900	0.4543	16.900	0.3545	16.900	0.4171	16.900	0.4086	16.900	0.4251
16.950	0.3486	16.950	0.5564	16.950	0.4332	16.950	0.3348	16.950	0.4390	16.950	0.3541	16.950	0.4097	16.950	0.4031	16.950	0.4223
17.000	0.3993	17.000	0.5360	17.000	0.4071	17.000	0.3235	17.000	0.4227	17.000	0.3555	17.000	0.4025	17.000	0.3981	17.000	0.4191
17.050	0.4480	17.050	0.5115	17.050	0.3811	17.050	0.3152	17.050	0.4063	17.050	0.3587	17.050	0.3956	17.050	0.3935	17.050	0.4158
17.100	0.4975	17.100	0.4839	17.100	0.3541	17.100	0.3100	17.100	0.3900	17.100	0.3636	17.100	0.3892	17.100	0.3895	17.100	0.4124
17.150	0.5421	17.150	0.4520	17.150	0.3310	17.150	0.3080	17.150	0.3723	17.150	0.3701	17.150	0.3816	17.150	0.3860	17.150	0.4089
17.200	0.5819	17.200	0.4204	17.200	0.3104	17.200	0.3093	17.200	0.3580	17.200	0.3778	17.200	0.3769	17.200	0.3836	17.200	0.4056
17.250	0.6177	17.250	0.3889	17.250	0.2932	17.250	0.3141	17.250	0.3452	17.250	0.3887	17.250	0.3733	17.250	0.3822	17.250	0.4025
17.300	0.6453	17.300	0.3560	17.300	0.2781	17.300	0.3220	17.300	0.3347	17.300	0.3981	17.300	0.3709	17.300	0.3818	17.300	0.3998
17.350	0.6657	17.350	0.3266	17.350	0.2689	17.350	0.3327	17.350	0.3266	17.350	0.4079	17.350	0.3700	17.350	0.3823	17.350	0.3974
17.400	0.6780	17.400	0.3002	17.400	0.2644	17.400	0.3459	17.400	0.3212	17.400	0.4182	17.400	0.3701	17.400	0.3837	17.400	0.3956
17.450	0.6823	17.450	0.2757	17.450	0.2645	17.450	0.3614	17.450	0.3189	17.450	0.4282	17.450	0.3718	17.450	0.3862	17.450	0.3942
17.500	0.6783	17.500	0.2573	17.500	0.2690	17.500	0.3783	17.500	0.3193	17.500	0.4377	17.500	0.3747	17.500	0.3897	17.500	0.3935
17.550	0.6662	17.550	0.2440	17.550	0.2784	17.550	0.3983	17.550	0.3229	17.550	0.4463	17.550	0.3805	17.550	0.3936	17.550	0.3935
17.600	0.6464	17.600	0.2358	17.600	0.2938	17.600	0.4167	17.600	0.3292	17.600	0.4539	17.600	0.3857	17.600	0.3984	17.600	0.3940
17.650	0.6192	17.650	0.2335	17.650	0.3111	17.650	0.4349	17.650	0.3383	17.650	0.4602	17.650	0.3917	17.650	0.4034	17.650	0.3952
17.700	0.5855	17.700	0.2367	17.700	0.3319	17.700	0.4525	17.700	0.3497	17.700	0.4647	17.700	0.3982	17.700	0.4089	17.700	0.3969
17.750	0.5439	17.750	0.2452	17.750	0.3551	17.750	0.4686	17.750	0.3633	17.750	0.4676	17.750	0.4052	17.750	0.4146	17.750	0.3992
17.800	0.4994	17.800	0.2591	17.800	0.3821	17.800	0.4849	17.800	0.3801	17.800	0.4687	17.800	0.4126	17.800	0.4199	17.800	0.4016
17.850	0.4500	17.850	0.2781	17.850	0.4079	17.850	0.4970	17.850	0.3961	17.850	0.4679	17.850	0.4199	17.850	0.4252	17.850	0.4045
17.900	0.4014	17.900	0.3029	17.900	0.4342	17.900	0.5062	17.900	0.4124	17.900	0.4654	17.900	0.4269	17.900	0.4301	17.900	0.4077
17.950	0.3510	17.950	0.3298	17.950	0.4594	17.950	0.5126	17.950	0.4291	17.950	0.4611	17.950	0.4336	17.950	0.4344	17.950	0.4112
18.000	0.3045	18.000	0.3591	18.000	0.4851	18.000	0.5158	18.000	0.4449	18.000	0.4553	18.000	0.4395	18.000	0.4380	18.000	0.4146
18.050	0.2598	18.050	0.3923	18.050	0.5065	18.050	0.5158	18.050	0.4597	18.050	0.4481	18.050	0.4445	18.050	0.4406	18.050	0.4179
18.100	0.2220	18.100	0.4237	18.100	0.5248	18.100	0.5122	18.100	0.4749	18.100	0.4395	18.100	0.4485	18.100	0.4425	18.100	0.4212
18.150	0.1988	18.150	0.4550	18.150	0.5394	18.150	0.5056	18.150	0.4863	18.150	0.4301	18.150	0.4513	18.150	0.4432	18.150	0.4241
18.200	0.1733	18.200	0.4865	18.200	0.5500	18.200	0.4961	18.200	0.4950	18.200	0.4203	18.200	0.4527	18.200	0.4431	18.200	0.4267
18.250	0.1642	18.250	0.5139	18.250	0.5564	18.250	0.4838	18.250	0.5013	18.250	0.4101	18.250	0.4529	18.250	0.4419	18.250	0.4288
18.300	0.1567	18.300	0.5379	18.300	0.5579	18.300	0.4673	18.300	0.5050	18.300	0.4001	18.300	0.4519	18.300	0.4397	18.300	0.4301
18.350	0.1566	18.350	0.5577	18.350	0.5549	18.350	0.4509	18.350	0.5052	18.350	0.3905	18.350	0.4495	18.350	0.4368	18.350	0.4312
18.400	0.1642	18.400	0.5726	18.400	0.5475	18.400	0.4334	18.400	0.5029	18.400	0.3815	18.400	0.4459	18.400	0.4329	18.400	0.4316
18.450	0.1728	18.450	0.5828	18.450	0.5358	18.450	0.4150	18.450	0.4975	18.450	0.3717	18.450	0.4412	18.450	0.4284	18.450	0.4312
18.500	0.1986	18.500	0.5872	18.500	0.5202	18.500	0.3967	18.500	0.4895	18.500	0.3649	18.500	0.4355	18.500	0.4234	18.500	0.4302
18.550	0.2216	18.550	0.5866	18.550	0.5008	18.550	0.3771	18.550	0.4771	18.550	0.3597	18.550	0.4291	18.550	0.4181	18.550	0.4288
18.600	0.2592	18.600	0.5802	18.600	0.4789	18.600	0.3600	18.600	0.4646	18.600	0.3562	18.600	0.4221	18.600	0.4124	18.600	0.4268
18.650	0.3036	18.650	0.5687	18.650	0.4529	18.650	0.3448	18.650	0.4502	18.650	0.3545	18.650	0.4149	18.650	0.4069	18.650	0.4242
18.700	0.3500	18.700	0.5523	18.700	0.4272	18.700	0.3318	18.700	0.4347	18.700	0.3546	18.700	0.4075	18.700	0.4017	18.700	0.4213
18.750	0.4005	18.750	0.5312	18.750	0.4011	18.750	0.3214	18.750	0.4184	18.750	0.3565	18.750	0.4004	18.750	0.3967	18.750	0.4180
18.800	0.4488	18.800	0.5062	18.800	0.3734	18.800	0.3138	18.800	0.4020	18.800	0.3601	18.800	0.3937	18.800	0.3923	18.800	0.4148
18.850	0.4980	18.850	0.4782	18.850	0.3489	18.850	0.3094	18.850	0.3860	18.850	0.3655	18.850	0.3875	18.850	0.3883	18.850	0.4112
18.900	0.5420	18.900	0.4461	18.900	0.3263	18.900	0.3084	18.900	0.3686	18.900	0.3724	18.900	0.3823	18.900	0.3853	18.900	0.4079
18.950	0.5835	18.950	0.4146	18.950	0.3067	18.950	0.3107	18.950	0.3544	18.950	0.3804	18.950	0.3778	18.950	0.3831	18.950	0.4046
19.000	0.6172	19.000	0.3833	19.000	0.2885	19.000	0.3161	19.000	0.3423	19.000	0.3914	19.000	0.3726	19.000	0.3822	19.000	0.4017
19.050	0.6443	19.050	0.3506	19.050	0.2760	19.050	0.3247	19.050	0.3324	19.050	0.4010	19.050	0.3707	19.050	0.3820	19.050	0.3991
19.100	0.6645	19.100	0.3219	19.100	0.2680	19.100	0.3362	19.100	0.3252	19.100	0.4110	19.100	0.3700	19.100	0.3827	19.100	0.3968
19.150	0.6767	19.150	0.2962	19.150	0.2645	19.150	0.3500	19.150	0.3206	19.150	0.4213	19.150	0.3706	19.150	0.3845	19.150	0.3951
19.200	0.6808	19.200	0.2725	19.200	0.2655	19.200	0.3658	19.200	0.3190	19.200	0.4311	19.200	0.3726	19.200	0.3873	19.200	0.3941
19.250	0.6766	19.250	0.2553	19.250	0.2714	19.250	0.3851	19.250	0.3204	19.250	0.4403	19.250	0.3778	19.250	0.3909	19.250	0.3935
19.300	0.6645	19.300	0.2430	19.300	0.2816	19.300	0.4029	19.300	0.3248	19.300	0.4486	19.300	0.3822	19.300	0.3951	19.300	0.3937
19.350	0.6445	19.350	0.2358	19.350	0.2979	19.350	0.4213	19.350	0.3319	19.350	0.4556	19.350	0.3876	19.350	0.4000	19.350	0.3944
19.400	0.6173	19.400	0.2344	19.400	0.3159	19.400	0.4394	19.400	0.3415	19.400	0.4614	19.400	0.3936	19.400	0.4051	19.400	0.3957
19.450	0.5836	19.450	0.2384	19.450	0.3372	19.450	0.4566	19.450	0.3535	19.450	0.4655	19.450	0.4004	19.450	0.4106	19.450	0.3974
19.500	0.5423	19.500	0.2482	19.500	0.3608	19.500	0.4722	19.500	0.3674	19.500	0.4678	19.500	0.4075	19.500	0.4161	19.500	0.3998
19.550	0.4983	19.550	0.2629	19.550	0.3881	19.550	0.4878	19.550	0.3844	19.550	0.4684	19.550	0.4147	19.550	0.4216	19.550	0.4024
19.600	0.4492	19.600	0.2825	19.600	0.4139	19.600	0.4992	19.600	0.4005	19.600	0.4672	19.600	0.4221	19.600	0.4266	19.600	0.4053
19.650	0.4007	19.650	0.3083	19.650	0.4399	19.650	0.5079	19.650	0.4170	19.650	0.4642	19.650	0.4290	19.650	0.4314	19.650	0.4088
19.700	0.3504	19.700	0.3353	19.700	0.4648	19.700	0.5134	19.700	0.4334	19.700	0.4594	19.700	0.4354	19.700	0.4354	19.700	0.4120
19.750	0.3042	19.750	0.3671	19.750	0.4898	19.750	0.5155	19.750	0.4491	19.750	0.4531	19.750	0.4411	19.750	0.4387	19.750	0.4156
19.800	0.2599	19.800	0.3981	19.800	0.5105	19.800	0.5146	19.800	0.4633	19.800	0.4454	19.800	0.4457	19.800	0.4413	19.800	0.4189
19.850	0.2223	19.850	0.4294	19.850	0.5280	19.850	0.5104	19.850	0.4780	19.850	0.4368	19.850	0.4494	19.850	0.4427	19.850	0.4220
19.900	0.1995	19.900	0.4605	19.900	0.5417	19.900	0.5031	19.900	0.4888	19.900	0.4271	19.900	0.4518	19.900	0.4433	19.900	0.4248
19.950	0.1736	19.950	0.4915	19.950	0.5513	19.950	0.4928	19.950	0.4967	19.950	0.4173	19.950	0.4529	19.950	0.4428	19.950	0.4272
20.000	0.1647	20.000	0.5182	20.000	0.5564	20.000	0.4800	20.000	0.5023	20.000	0.4072			20.000	0.4414	20.000	0.4289
20.050	0.1581	20.050	0.5412	20.050	0.5571	20.050	0.4630	20.050	0.5050	20.050	0.3972			20.050	0.4389	20.050	0.4303
20.100	0.1584	20.100	0.5601	20.100	0.5531	20.100	0.4463	20.100	0.5047	20.100	0.3879			20.100	0.4356	20.100	0.4310
20.150	0.1629	20.150	0.5742	20.150	0.5448	20.150	0.4284	20.150	0.5016	20.150	0.3772			20.150	0.4317	20.150	0.4312
20.200	0.1752	20.200	0.5831	20.200	0.5322	20.200	0.4101	20.200	0.4954	20.200	0.3696			20.200	0.4269	20.200	0.4307
20.250	0.2006	20.250	0.5868	20.250	0.5157	20.250	0.3923	20.250	0.4870	20.250	0.3632			20.250	0.4217	20.250	0.4295
20.300	0.2240	20.300	0.5849	20.300	0.4959			20.300	0.4739	20.300	0.3585			20.300	0.4164	20.300	0.4280
20.350	0.2609	20.350	0.5777	20.350	0.4714			20.350	0.4607	20.350	0.3555			20.350	0.4109	20.350	0.4258
20.400	0.3053	20.400	0.5652	20.400	0.4470			20.400	0.4461					20.400	0.4052	20.400	0.4230
		20.450	0.5480					20.450	0.4302					20.450	0.4002	20.450	0.4201
		20.500	0.5262					20.500	0.4141					20.500	0.3954	20.500	0.4170
		20.550	0.5007											20.550	0.3910	20.550	0.4136
		20.600	0.4704													20.600	0.4101
		20.650	0.4399													20.650	0.4069
		20.700	0.4086													20.700	0.4036
		20.750	0.3754													20.750	0.4008
		20.800	0.3452													20.800	0.3986
		20.850	0.3173													20.850	0.3965
		20.900	0.2903													20.900	0.3949
		20.950	0.2694													20.950	0.3941
		21.000	0.2532													21.000	0.3937
		21.050	0.2417													21.050	0.3939
		21.100	0.2358													21.100	0.3949
		21.150	0.2354													21.150	0.3964
		21.200	0.2407														
		21.250	0.2512														
		21.300	0.2670														
		21.350	0.2873														
		21.400	0.3136														
		21.450	0.3411														
		21.500	0.3729														
		21.550	0.4038														
		21.600	0.4352														
		21.650	0.4676														
		21.700	0.4963														
		21.750	0.5222														
		21.800	0.5445														
		21.850	0.5624														
		21.900	0.5754														
		21.950	0.5833														
		22.000	0.5861														
		22.050	0.5832														
		22.100	0.5751														
		22.150	0.5618														
		22.200	0.5437														
		22.250	0.5213														
		22.300	0.4954														
		22.350	0.4647														
		22.400	0.4341														
		22.450	0.4029														
		22.500	0.3699														
		22.550	0.3402														
