Time (s) Run #1	Position (m) Run #1	Time (s) Run #2	Position (m) Run #2	Time (s) Run #3	Position (m) Run #3	Time (s) Run #4	Position (m) Run #4	Time (s) Run #5	Position (m) Run #5	Time (s) Run #6	Position (m) Run #6	Time (s) Run #7	Position (m) Run #7	Time (s) Run #8	Position (m) Run #8
0.000	0.1705	0.000	0.2490	0.000	0.4418	0.000	0.3095	0.000	0.3821	0.000	0.3877	0.000	0.5727	0.000	0.3419
0.050	0.1680	0.050	0.2378	0.050	0.4231	0.050	0.3219	0.050	0.3800	0.050	0.3941	0.050	0.6049	0.050	0.3363
0.100	0.1736	0.100	0.2332	0.100	0.4021	0.100	0.3373	0.100	0.3778	0.100	0.3995	0.100	0.6259	0.100	0.3332
0.150	0.1869	0.150	0.2355	0.150	0.3799	0.150	0.3548	0.150	0.3757	0.150	0.4038	0.150	0.6356	0.150	0.3323
0.200	0.2125	0.200	0.2450	0.200	0.3573	0.200	0.3737	0.200	0.3736	0.200	0.4068	0.200	0.6333	0.200	0.3336
0.250	0.2476	0.250	0.2613	0.250	0.3359	0.250	0.3928	0.250	0.3721	0.250	0.4080	0.250	0.6191	0.250	0.3373
0.300	0.2902	0.300	0.2837	0.300	0.3168	0.300	0.4109	0.300	0.3705	0.300	0.4080	0.300	0.5935	0.300	0.3432
0.350	0.3382	0.350	0.3111	0.350	0.3009	0.350	0.4276	0.350	0.3695	0.350	0.4065	0.350	0.5555	0.350	0.3509
0.400	0.3885	0.400	0.3421	0.400	0.2887	0.400	0.4416	0.400	0.3688	0.400	0.4034	0.400	0.5098	0.400	0.3598
0.450	0.4378	0.450	0.3753	0.450	0.2814	0.450	0.4522	0.450	0.3686	0.450	0.3990	0.450	0.4568	0.450	0.3696
0.500	0.4834	0.500	0.4083	0.500	0.2789	0.500	0.4592	0.500	0.3689	0.500	0.3935	0.500	0.3987	0.500	0.3801
0.550	0.5231	0.550	0.4396	0.550	0.2814	0.550	0.4619	0.550	0.3698	0.550	0.3872	0.550	0.3389	0.550	0.3904
0.600	0.5549	0.600	0.4676	0.600	0.2888	0.600	0.4603	0.600	0.3710	0.600	0.3804	0.600	0.2817	0.600	0.4001
0.650	0.5799	0.650	0.4907	0.650	0.3007	0.650	0.4543	0.650	0.3725	0.650	0.3736	0.650	0.2307	0.650	0.4082
0.700	0.5931	0.700	0.5080	0.700	0.3166	0.700	0.4448	0.700	0.3746	0.700	0.3670	0.700	0.1891	0.700	0.4149
0.750	0.5961	0.750	0.5186	0.750	0.3358	0.750	0.4316	0.750	0.3765	0.750	0.3610	0.750	0.1661	0.750	0.4200
0.800	0.5887	0.800	0.5223	0.800	0.3571	0.800	0.4156	0.800	0.3787	0.800	0.3558	0.800	0.1496	0.800	0.4228
0.850	0.5695	0.850	0.5189	0.850	0.3795	0.850	0.3979	0.850	0.3808	0.850	0.3518	0.850	0.1496	0.850	0.4232
0.900	0.5427	0.900	0.5084	0.900	0.4018	0.900	0.3790	0.900	0.3827	0.900	0.3492	0.900	0.1498	0.900	0.4213
0.950	0.5074	0.950	0.4914	0.950	0.4227	0.950	0.3600	0.950	0.3844	0.950	0.3481	0.950	0.1531	0.950	0.4173
1.000	0.4650	1.000	0.4686	1.000	0.4413	1.000	0.3423	1.000	0.3858	1.000	0.3486	1.000	0.1683	1.000	0.4111
1.050	0.4176	1.050	0.4408	1.050	0.4565	1.050	0.3264	1.050	0.3868	1.050	0.3505	1.050	0.1978	1.050	0.4036
1.100	0.3676	1.100	0.4096	1.100	0.4678	1.100	0.3132	1.100	0.3873	1.100	0.3537	1.100	0.2418	1.100	0.3943
1.150	0.3180	1.150	0.3767	1.150	0.4743	1.150	0.3033	1.150	0.3874	1.150	0.3583	1.150	0.2945	1.150	0.3841
1.200	0.2720	1.200	0.3438	1.200	0.4760	1.200	0.2972	1.200	0.3868	1.200	0.3638	1.200	0.3526	1.200	0.3738
1.250	0.2326	1.250	0.3127	1.250	0.4729	1.250	0.2953	1.250	0.3860	1.250	0.3702	1.250	0.4121	1.250	0.3636
1.300	0.2015	1.300	0.2852	1.300	0.4647	1.300	0.2974	1.300	0.3846	1.300	0.3769	1.300	0.4692	1.300	0.3543
1.350	0.1800	1.350	0.2627	1.350	0.4523	1.350	0.3037	1.350	0.3831	1.350	0.3838	1.350	0.5205	1.350	0.3462
1.400	0.1708	1.400	0.2461	1.400	0.4358	1.400	0.3137	1.400	0.3810	1.400	0.3903	1.400	0.5637	1.400	0.3396
1.450	0.1685	1.450	0.2364	1.450	0.4164	1.450	0.3270	1.450	0.3790	1.450	0.3963	1.450	0.5993	1.450	0.3351
1.500	0.1724	1.500	0.2333	1.500	0.3951	1.500	0.3431	1.500	0.3769	1.500	0.4012	1.500	0.6221	1.500	0.3326
1.550	0.1881	1.550	0.2375	1.550	0.3725	1.550	0.3613	1.550	0.3748	1.550	0.4048	1.550	0.6335	1.550	0.3328
1.600	0.2139	1.600	0.2488	1.600	0.3503	1.600	0.3802	1.600	0.3729	1.600	0.4073	1.600	0.6333	1.600	0.3350
1.650	0.2488	1.650	0.2664	1.650	0.3296	1.650	0.3991	1.650	0.3714	1.650	0.4082	1.650	0.6206	1.650	0.3396
1.700	0.2914	1.700	0.2900	1.700	0.3114	1.700	0.4169	1.700	0.3700	1.700	0.4075	1.700	0.5969	1.700	0.3461
1.750	0.3392	1.750	0.3183	1.750	0.2967	1.750	0.4324	1.750	0.3691	1.750	0.4053	1.750	0.5606	1.750	0.3541
1.800	0.3893	1.800	0.3500	1.800	0.2863	1.800	0.4454	1.800	0.3688	1.800	0.4017	1.800	0.5165	1.800	0.3636
1.850	0.4383	1.850	0.3832	1.850	0.2804	1.850	0.4548	1.850	0.3688	1.850	0.3969	1.850	0.4647	1.850	0.3737
1.900	0.4836	1.900	0.4158	1.900	0.2796	1.900	0.4602	1.900	0.3693	1.900	0.3911	1.900	0.4077	1.900	0.3840
1.950	0.5230	1.950	0.4463	1.950	0.2837	1.950	0.4614	1.950	0.3703	1.950	0.3846	1.950	0.3483	1.950	0.3940
2.000	0.5546	2.000	0.4733	2.000	0.2925	2.000	0.4584	2.000	0.3718	2.000	0.3777	2.000	0.2905	2.000	0.4033
2.050	0.5792	2.050	0.4949	2.050	0.3059	2.050	0.4513	2.050	0.3734	2.050	0.3710	2.050	0.2386	2.050	0.4109
2.100	0.5921	2.100	0.5108	2.100	0.3228	2.100	0.4403	2.100	0.3754	2.100	0.3646	2.100	0.1957	2.100	0.4172
2.150	0.5949	2.150	0.5197	2.150	0.3427	2.150	0.4263	2.150	0.3775	2.150	0.3589	2.150	0.1673	2.150	0.4212
2.200	0.5875	2.200	0.5217	2.200	0.3645	2.200	0.4096	2.200	0.3796	2.200	0.3542	2.200	0.1526	2.200	0.4231
2.250	0.5681	2.250	0.5167	2.250	0.3869	2.250	0.3914	2.250	0.3816	2.250	0.3507	2.250	0.1476	2.250	0.4227
2.300	0.5414	2.300	0.5047	2.300	0.4085	2.300	0.3724	2.300	0.3835	2.300	0.3488	2.300	0.1475	2.300	0.4200
2.350	0.5059	2.350	0.4861	2.350	0.4289	2.350	0.3540	2.350	0.3851	2.350	0.3483	2.350	0.1518	2.350	0.4149
2.400	0.4638	2.400	0.4621	2.400	0.4465	2.400	0.3367	2.400	0.3863	2.400	0.3493	2.400	0.1659	2.400	0.4082
2.450	0.4164	2.450	0.4334	2.450	0.4604	2.450	0.3217	2.450	0.3870	2.450	0.3518	2.450	0.1934	2.450	0.3999
2.500	0.3667	2.500	0.4019	2.500	0.4701	2.500	0.3096	2.500	0.3873	2.500	0.3556	2.500	0.2354	2.500	0.3905
2.550	0.3175	2.550	0.3689	2.550	0.4751	2.550	0.3011	2.550	0.3872	2.550	0.3606	2.550	0.2868	2.550	0.3802
2.600	0.2719	2.600	0.3363	2.600	0.4752	2.600	0.2964	2.600	0.3865	2.600	0.3664	2.600	0.3440	2.600	0.3698
2.650	0.2326	2.650	0.3059	2.650	0.4703	2.650	0.2958	2.650	0.3855	2.650	0.3729	2.650	0.4032	2.650	0.3600
2.700	0.2018	2.700	0.2795	2.700	0.4608	2.700	0.2993	2.700	0.3839	2.700	0.3796	2.700	0.4604	2.700	0.3510
2.750	0.1805	2.750	0.2584	2.750	0.4470	2.750	0.3068	2.750	0.3822	2.750	0.3865	2.750	0.5124	2.750	0.3434
2.800	0.1715	2.800	0.2435	2.800	0.4296	2.800	0.3181	2.800	0.3802	2.800	0.3929	2.800	0.5568	2.800	0.3377
2.850	0.1696	2.850	0.2353	2.850	0.4094	2.850	0.3325	2.850	0.3781	2.850	0.3982	2.850	0.5938	2.850	0.3339
2.900	0.1736	2.900	0.2342	2.900	0.3877	2.900	0.3493	2.900	0.3760	2.900	0.4029	2.900	0.6181	2.900	0.3325
2.950	0.1894	2.950	0.2399	2.950	0.3653	2.950	0.3678	2.950	0.3740	2.950	0.4061	2.950	0.6310	2.950	0.3334
3.000	0.2152	3.000	0.2527	3.000	0.3434	3.000	0.3868	3.000	0.3722	3.000	0.4078	3.000	0.6329	3.000	0.3365
3.050	0.2502	3.050	0.2719	3.050	0.3235	3.050	0.4052	3.050	0.3707	3.050	0.4080	3.050	0.6219	3.050	0.3420
3.100	0.2928	3.100	0.2965	3.100	0.3064	3.100	0.4222	3.100	0.3696	3.100	0.4068	3.100	0.5997	3.100	0.3492
3.150	0.3403	3.150	0.3258	3.150	0.2931	3.150	0.4371	3.150	0.3689	3.150	0.4041	3.150	0.5670	3.150	0.3577
3.200	0.3900	3.200	0.3579	3.200	0.2842	3.200	0.4487	3.200	0.3688	3.200	0.4000	3.200	0.5227	3.200	0.3675
3.250	0.4388	3.250	0.3911	3.250	0.2800	3.250	0.4567	3.250	0.3689	3.250	0.3947	3.250	0.4721	3.250	0.3777
3.300	0.4838	3.300	0.4233	3.300	0.2808	3.300	0.4608	3.300	0.3696	3.300	0.3885	3.300	0.4158	3.300	0.3878
3.350	0.5228	3.350	0.4529	3.350	0.2864	3.350	0.4606	3.350	0.3710	3.350	0.3820	3.350	0.3571	3.350	0.3976
3.400	0.5541	3.400	0.4785	3.400	0.2966	3.400	0.4560	3.400	0.3723	3.400	0.3751	3.400	0.2992	3.400	0.4063
3.450	0.5784	3.450	0.4989	3.450	0.3112	3.450	0.4475	3.450	0.3742	3.450	0.3686	3.450	0.2464	3.450	0.4134
3.500	0.5911	3.500	0.5130	3.500	0.3292	3.500	0.4355	3.500	0.3763	3.500	0.3623	3.500	0.2023	3.500	0.4187
3.550	0.5937	3.550	0.5203	3.550	0.3497	3.550	0.4204	3.550	0.3784	3.550	0.3570	3.550	0.1715	3.550	0.4219
3.600	0.5862	3.600	0.5207	3.600	0.3717	3.600	0.4034	3.600	0.3804	3.600	0.3528	3.600	0.1562	3.600	0.4230
3.650	0.5666	3.650	0.5138	3.650	0.3941	3.650	0.3847	3.650	0.3823	3.650	0.3500	3.650	0.1493	3.650	0.4217
3.700	0.5396	3.700	0.5002	3.700	0.4154	3.700	0.3659	3.700	0.3840	3.700	0.3486	3.700	0.1479	3.700	0.4181
3.750	0.5043	3.750	0.4804	3.750	0.4347	3.750	0.3478	3.750	0.3854	3.750	0.3486	3.750	0.1509	3.750	0.4123
3.800	0.4622	3.800	0.4552	3.800	0.4512	3.800	0.3312	3.800	0.3866	3.800	0.3501	3.800	0.1664	3.800	0.4049
3.850	0.4150	3.850	0.4258	3.850	0.4637	3.850	0.3172	3.850	0.3872	3.850	0.3532	3.850	0.1891	3.850	0.3963
3.900	0.3655	3.900	0.3941	3.900	0.4719	3.900	0.3063	3.900	0.3872	3.900	0.3575	3.900	0.2295	3.900	0.3865
3.950	0.3166	3.950	0.3610	3.950	0.4753	3.950	0.2992	3.950	0.3868	3.950	0.3628	3.950	0.2794	3.950	0.3762
4.000	0.2713	4.000	0.3289	4.000	0.4737	4.000	0.2958	4.000	0.3860	4.000	0.3690	4.000	0.3358	4.000	0.3660
4.050	0.2324	4.050	0.2994	4.050	0.4673	4.050	0.2966	4.050	0.3848	4.050	0.3755	4.050	0.3948	4.050	0.3564
4.100	0.2018	4.100	0.2743	4.100	0.4564	4.100	0.3015	4.100	0.3833	4.100	0.3824	4.100	0.4520	4.100	0.3479
4.150	0.1809	4.150	0.2546	4.150	0.4413	4.150	0.3104	4.150	0.3814	4.150	0.3889	4.150	0.5049	4.150	0.3410
4.200	0.1720	4.200	0.2412	4.200	0.4231	4.200	0.3227	4.200	0.3793	4.200	0.3950	4.200	0.5500	4.200	0.3361
4.250	0.1701	4.250	0.2348	4.250	0.4023	4.250	0.3382	4.250	0.3772	4.250	0.4002	4.250	0.5882	4.250	0.3332
4.300	0.1742	4.300	0.2352	4.300	0.3803	4.300	0.3555	4.300	0.3752	4.300	0.4041	4.300	0.6142	4.300	0.3328
4.350	0.1906	4.350	0.2428	4.350	0.3580	4.350	0.3742	4.350	0.3733	4.350	0.4068	4.350	0.6289	4.350	0.3345
4.400	0.2166	4.400	0.2572	4.400	0.3368	4.400	0.3931	4.400	0.3717	4.400	0.4078	4.400	0.6314	4.400	0.3385
4.450	0.2515	4.450	0.2777	4.450	0.3178	4.450	0.4110	4.450	0.3702	4.450	0.4075	4.450	0.6227	4.450	0.3445
4.500	0.2940	4.500	0.3036	4.500	0.3019	4.500	0.4276	4.500	0.3693	4.500	0.4057	4.500	0.6024	4.500	0.3524
4.550	0.3415	4.550	0.3334	4.550	0.2899	4.550	0.4413	4.550	0.3689	4.550	0.4024	4.550	0.5713	4.550	0.3615
4.600	0.3911	4.600	0.3658	4.600	0.2825	4.600	0.4518	4.600	0.3689	4.600	0.3978	4.600	0.5283	4.600	0.3715
4.650	0.4395	4.650	0.3990	4.650	0.2800	4.650	0.4585	4.650	0.3693	4.650	0.3923	4.650	0.4792	4.650	0.3816
4.700	0.4841	4.700	0.4305	4.700	0.2823	4.700	0.4608	4.700	0.3701	4.700	0.3859	4.700	0.4237	4.700	0.3918
4.750	0.5228	4.750	0.4593	4.750	0.2896	4.750	0.4592	4.750	0.3717	4.750	0.3792	4.750	0.3653	4.750	0.4011
4.800	0.5538	4.800	0.4837	4.800	0.3012	4.800	0.4533	4.800	0.3732	4.800	0.3723	4.800	0.3075	4.800	0.4090
4.850	0.5777	4.850	0.5024	4.850	0.3170	4.850	0.4436	4.850	0.3751	4.850	0.3660	4.850	0.2540	4.850	0.4154
4.900	0.5902	4.900	0.5150	4.900	0.3358	4.900	0.4304	4.900	0.3772	4.900	0.3601	4.900	0.2087	4.900	0.4201
4.950	0.5925	4.950	0.5205	4.950	0.3570	4.950	0.4146	4.950	0.3792	4.950	0.3553	4.950	0.1740	4.950	0.4226
5.000	0.5845	5.000	0.5192	5.000	0.3791	5.000	0.3971	5.000	0.3811	5.000	0.3516	5.000	0.1601	5.000	0.4227
5.050	0.5670	5.050	0.5106	5.050	0.4011	5.050	0.3783	5.050	0.3832	5.050	0.3493	5.050	0.1479	5.050	0.4205
5.100	0.5379	5.100	0.4956	5.100	0.4218	5.100	0.3595	5.100	0.3846	5.100	0.3485	5.100	0.1489	5.100	0.4160
5.150	0.5026	5.150	0.4744	5.150	0.4403	5.150	0.3419	5.150	0.3859	5.150	0.3491	5.150	0.1502	5.150	0.4097
5.200	0.4605	5.200	0.4483	5.200	0.4555	5.200	0.3262	5.200	0.3868	5.200	0.3512	5.200	0.1646	5.200	0.4017
5.250	0.4135	5.250	0.4182	5.250	0.4666	5.250	0.3132	5.250	0.3872	5.250	0.3547	5.250	0.1853	5.250	0.3926
5.300	0.3643	5.300	0.3860	5.300	0.4733	5.300	0.3035	5.300	0.3870	5.300	0.3594	5.300	0.2242	5.300	0.3824
5.350	0.3156	5.350	0.3531	5.350	0.4750	5.350	0.2976	5.350	0.3865	5.350	0.3652	5.350	0.2728	5.350	0.3723
5.400	0.2706	5.400	0.3217	5.400	0.4718	5.400	0.2956	5.400	0.3855	5.400	0.3715	5.400	0.3281	5.400	0.3623
5.450	0.2321	5.450	0.2931	5.450	0.4639	5.450	0.2980	5.450	0.3841	5.450	0.3783	5.450	0.3866	5.450	0.3531
5.500	0.2020	5.500	0.2693	5.500	0.4516	5.500	0.3043	5.500	0.3824	5.500	0.3850	5.500	0.4441	5.500	0.3453
5.550	0.1812	5.550	0.2511	5.550	0.4355	5.550	0.3143	5.550	0.3803	5.550	0.3913	5.550	0.4973	5.550	0.3391
5.600	0.1727	5.600	0.2395	5.600	0.4162	5.600	0.3279	5.600	0.3784	5.600	0.3970	5.600	0.5435	5.600	0.3349
5.650	0.1707	5.650	0.2347	5.650	0.3951	5.650	0.3440	5.650	0.3764	5.650	0.4017	5.650	0.5829	5.650	0.3330
5.700	0.1753	5.700	0.2369	5.700	0.3729	5.700	0.3620	5.700	0.3743	5.700	0.4052	5.700	0.6099	5.700	0.3333
5.750	0.1920	5.750	0.2461	5.750	0.3510	5.750	0.3807	5.750	0.3726	5.750	0.4073	5.750	0.6258	5.750	0.3360
5.800	0.2182	5.800	0.2620	5.800	0.3304	5.800	0.3997	5.800	0.3710	5.800	0.4078	5.800	0.6303	5.800	0.3408
5.850	0.2532	5.850	0.2839	5.850	0.3124	5.850	0.4171	5.850	0.3698	5.850	0.4068	5.850	0.6232	5.850	0.3474
5.900	0.2957	5.900	0.3108	5.900	0.2977	5.900	0.4326	5.900	0.3691	5.900	0.4045	5.900	0.6044	5.900	0.3558
5.950	0.3430	5.950	0.3415	5.950	0.2873	5.950	0.4452	5.950	0.3689	5.950	0.4007	5.950	0.5748	5.950	0.3653
6.000	0.3923	6.000	0.3739	6.000	0.2816	6.000	0.4543	6.000	0.3691	6.000	0.3956	6.000	0.5335	6.000	0.3753
6.050	0.4404	6.050	0.4066	6.050	0.2806	6.050	0.4596	6.050	0.3696	6.050	0.3897	6.050	0.4855	6.050	0.3856
6.100	0.4847	6.100	0.4376	6.100	0.2845	6.100	0.4605	6.100	0.3708	6.100	0.3832	6.100	0.4311	6.100	0.3954
6.150	0.5230	6.150	0.4653	6.150	0.2932	6.150	0.4574	6.150	0.3723	6.150	0.3765	6.150	0.3733	6.150	0.4042
6.200	0.5536	6.200	0.4883	6.200	0.3064	6.200	0.4502	6.200	0.3741	6.200	0.3698	6.200	0.3154	6.200	0.4116
6.250	0.5772	6.250	0.5055	6.250	0.3232	6.250	0.4391	6.250	0.3759	6.250	0.3635	6.250	0.2615	6.250	0.4174
6.300	0.5892	6.300	0.5164	6.300	0.3427	6.300	0.4251	6.300	0.3780	6.300	0.3582	6.300	0.2151	6.300	0.4212
6.350	0.5913	6.350	0.5204	6.350	0.3642	6.350	0.4084	6.350	0.3801	6.350	0.3537	6.350	0.1789	6.350	0.4226
6.400	0.5831	6.400	0.5172	6.400	0.3865	6.400	0.3905	6.400	0.3821	6.400	0.3506	6.400	0.1608	6.400	0.4218
6.450	0.5633	6.450	0.5072	6.450	0.4079	6.450	0.3717	6.450	0.3839	6.450	0.3488	6.450	0.1496	6.450	0.4188
6.500	0.5362	6.500	0.4905	6.500	0.4280	6.500	0.3533	6.500	0.3853	6.500	0.3486	6.500	0.1496	6.500	0.4137
6.550	0.5007	6.550	0.4682	6.550	0.4455	6.550	0.3362	6.550	0.3865	6.550	0.3498	6.550	0.1500	6.550	0.4066
6.600	0.4586	6.600	0.4409	6.600	0.4593	6.600	0.3213	6.600	0.3870	6.600	0.3525	6.600	0.1658	6.600	0.3982
6.650	0.4117	6.650	0.4105	6.650	0.4689	6.650	0.3094	6.650	0.3872	6.650	0.3564	6.650	0.1823	6.650	0.3886
6.700	0.3627	6.700	0.3779	6.700	0.4740	6.700	0.3011	6.700	0.3868	6.700	0.3616	6.700	0.2196	6.700	0.3785
6.750	0.3144	6.750	0.3453	6.750	0.4742	6.750	0.2965	6.750	0.3862	6.750	0.3676	6.750	0.2666	6.750	0.3683
6.800	0.2698	6.800	0.3146	6.800	0.4695	6.800	0.2959	6.800	0.3850	6.800	0.3741	6.800	0.3211	6.800	0.3586
6.850	0.2317	6.850	0.2871	6.850	0.4599	6.850	0.2997	6.850	0.3834	6.850	0.3808	6.850	0.3790	6.850	0.3498
6.900	0.2020	6.900	0.2646	6.900	0.4464	6.900	0.3073	6.900	0.3817	6.900	0.3874	6.900	0.4364	6.900	0.3427
6.950	0.1817	6.950	0.2482	6.950	0.4293	6.950	0.3188	6.950	0.3796	6.950	0.3936	6.950	0.4901	6.950	0.3372
7.000	0.1713	7.000	0.2381	7.000	0.4094	7.000	0.3332	7.000	0.3776	7.000	0.3989	7.000	0.5371	7.000	0.3339
7.050	0.1718	7.050	0.2351	7.050	0.3878	7.050	0.3500	7.050	0.3755	7.050	0.4033	7.050	0.5773	7.050	0.3330
7.100	0.1768	7.100	0.2389	7.100	0.3656	7.100	0.3684	7.100	0.3736	7.100	0.4061	7.100	0.6057	7.100	0.3341
7.150	0.1937	7.150	0.2498	7.150	0.3440	7.150	0.3873	7.150	0.3721	7.150	0.4075	7.150	0.6229	7.150	0.3377
7.200	0.2201	7.200	0.2671	7.200	0.3244	7.200	0.4059	7.200	0.3707	7.200	0.4075	7.200	0.6292	7.200	0.3432
7.250	0.2551	7.250	0.2902	7.250	0.3074	7.250	0.4226	7.250	0.3696	7.250	0.4058	7.250	0.6233	7.250	0.3505
7.300	0.2976	7.300	0.3181	7.300	0.2941	7.300	0.4373	7.300	0.3691	7.300	0.4029	7.300	0.6061	7.300	0.3593
7.350	0.3449	7.350	0.3494	7.350	0.2851	7.350	0.4487	7.350	0.3691	7.350	0.3986	7.350	0.5781	7.350	0.3691
7.400	0.3940	7.400	0.3820	7.400	0.2809	7.400	0.4566	7.400	0.3694	7.400	0.3933	7.400	0.5381	7.400	0.3792
7.450	0.4418	7.450	0.4141	7.450	0.2816	7.450	0.4603	7.450	0.3703	7.450	0.3872	7.450	0.4914	7.450	0.3894
7.500	0.4857	7.500	0.4445	7.500	0.2872	7.500	0.4599	7.500	0.3715	7.500	0.3804	7.500	0.4378	7.500	0.3988
7.550	0.5235	7.550	0.4710	7.550	0.2973	7.550	0.4552	7.550	0.3730	7.550	0.3737	7.550	0.3805	7.550	0.4071
7.600	0.5536	7.600	0.4927	7.600	0.3117	7.600	0.4467	7.600	0.3749	7.600	0.3673	7.600	0.3228	7.600	0.4139
7.650	0.5769	7.650	0.5085	7.650	0.3293	7.650	0.4345	7.650	0.3770	7.650	0.3615	7.650	0.2685	7.650	0.4189
7.700	0.5885	7.700	0.5175	7.700	0.3496	7.700	0.4196	7.700	0.3790	7.700	0.3563	7.700	0.2213	7.700	0.4217
7.750	0.5901	7.750	0.5198	7.750	0.3714	7.750	0.4024	7.750	0.3809	7.750	0.3525	7.750	0.1839	7.750	0.4225
7.800	0.5819	7.800	0.5148	7.800	0.3936	7.800	0.3840	7.800	0.3830	7.800	0.3497	7.800	0.1644	7.800	0.4208
7.850	0.5616	7.850	0.5033	7.850	0.4146	7.850	0.3652	7.850	0.3844	7.850	0.3486	7.850	0.1512	7.850	0.4169
7.900	0.5343	7.900	0.4852	7.900	0.4339	7.900	0.3471	7.900	0.3858	7.900	0.3489	7.900	0.1476	7.900	0.4109
7.950	0.4988	7.950	0.4615	7.950	0.4501	7.950	0.3309	7.950	0.3866	7.950	0.3508	7.950	0.1500	7.950	0.4036
8.000	0.4567	8.000	0.4335	8.000	0.4626	8.000	0.3168	8.000	0.3872	8.000	0.3539	8.000	0.1643	8.000	0.3944
8.050	0.4098	8.050	0.4024	8.050	0.4708	8.050	0.3061	8.050	0.3872	8.050	0.3585	8.050	0.1795	8.050	0.3846
8.100	0.3612	8.100	0.3700	8.100	0.4742	8.100	0.2990	8.100	0.3867	8.100	0.3638	8.100	0.2151	8.100	0.3745
8.150	0.3132	8.150	0.3377	8.150	0.4728	8.150	0.2958	8.150	0.3857	8.150	0.3700	8.150	0.2610	8.150	0.3645
8.200	0.2689	8.200	0.3077	8.200	0.4666	8.200	0.2970	8.200	0.3843	8.200	0.3767	8.200	0.3144	8.200	0.3552
8.250	0.2314	8.250	0.2816	8.250	0.4557	8.250	0.3020	8.250	0.3827	8.250	0.3834	8.250	0.3717	8.250	0.3471
8.300	0.2020	8.300	0.2605	8.300	0.4410	8.300	0.3109	8.300	0.3808	8.300	0.3900	8.300	0.4292	8.300	0.3405
8.350	0.1821	8.350	0.2456	8.350	0.4228	8.350	0.3236	8.350	0.3790	8.350	0.3957	8.350	0.4832	8.350	0.3360
8.400	0.1718	8.400	0.2372	8.400	0.4023	8.400	0.3388	8.400	0.3769	8.400	0.4007	8.400	0.5307	8.400	0.3333
8.450	0.1728	8.450	0.2359	8.450	0.3804	8.450	0.3563	8.450	0.3748	8.450	0.4043	8.450	0.5721	8.450	0.3333
8.500	0.1780	8.500	0.2415	8.500	0.3585	8.500	0.3751	8.500	0.3731	8.500	0.4068	8.500	0.6015	8.500	0.3355
8.550	0.1953	8.550	0.2539	8.550	0.3375	8.550	0.3940	8.550	0.3715	8.550	0.4075	8.550	0.6202	8.550	0.3397
8.600	0.2219	8.600	0.2727	8.600	0.3187	8.600	0.4117	8.600	0.3703	8.600	0.4070	8.600	0.6275	8.600	0.3459
8.650	0.2572	8.650	0.2971	8.650	0.3029	8.650	0.4279	8.650	0.3695	8.650	0.4048	8.650	0.6230	8.650	0.3540
8.700	0.2997	8.700	0.3259	8.700	0.2910	8.700	0.4416	8.700	0.3693	8.700	0.4012	8.700	0.6076	8.700	0.3631
8.750	0.3468	8.750	0.3574	8.750	0.2835	8.750	0.4519	8.750	0.3694	8.750	0.3966	8.750	0.5810	8.750	0.3728
8.800	0.3957	8.800	0.3901	8.800	0.2810	8.800	0.4581	8.800	0.3699	8.800	0.3909	8.800	0.5422	8.800	0.3832
8.850	0.4432	8.850	0.4217	8.850	0.2832	8.850	0.4605	8.850	0.3711	8.850	0.3846	8.850	0.4965	8.850	0.3930
8.900	0.4866	8.900	0.4512	8.900	0.2903	8.900	0.4585	8.900	0.3725	8.900	0.3779	8.900	0.4442	8.900	0.4021
8.950	0.5240	8.950	0.4766	8.950	0.3018	8.950	0.4526	8.950	0.3741	8.950	0.3713	8.950	0.3876	8.950	0.4099
9.000	0.5536	9.000	0.4967	9.000	0.3173	9.000	0.4427	9.000	0.3761	9.000	0.3649	9.000	0.3299	9.000	0.4160
9.050	0.5764	9.050	0.5108	9.050	0.3359	9.050	0.4295	9.050	0.3780	9.050	0.3594	9.050	0.2753	9.050	0.4201
9.100	0.5875	9.100	0.5182	9.100	0.3568	9.100	0.4137	9.100	0.3801	9.100	0.3547	9.100	0.2274	9.100	0.4221
9.150	0.5889	9.150	0.5188	9.150	0.3788	9.150	0.3962	9.150	0.3820	9.150	0.3514	9.150	0.1887	9.150	0.4218
9.200	0.5802	9.200	0.5121	9.200	0.4006	9.200	0.3774	9.200	0.3837	9.200	0.3493	9.200	0.1675	9.200	0.4193
9.250	0.5597	9.250	0.4988	9.250	0.4211	9.250	0.3590	9.250	0.3853	9.250	0.3488	9.250	0.1510	9.250	0.4145
9.300	0.5321	9.300	0.4795	9.300	0.4394	9.300	0.3414	9.300	0.3865	9.300	0.3496	9.300	0.1486	9.300	0.4080
9.350	0.4966	9.350	0.4548	9.350	0.4545	9.350	0.3258	9.350	0.3870	9.350	0.3520	9.350	0.1502	9.350	0.4001
9.400	0.4545	9.400	0.4260	9.400	0.4656	9.400	0.3129	9.400	0.3874	9.400	0.3558	9.400	0.1605	9.400	0.3907
9.450	0.4078	9.450	0.3946	9.450	0.4723	9.450	0.3033	9.450	0.3870	9.450	0.3606	9.450	0.1771	9.450	0.3807
9.500	0.3593	9.500	0.3620	9.500	0.4739	9.500	0.2976	9.500	0.3865	9.500	0.3664	9.500	0.2114	9.500	0.3705
9.550	0.3116	9.550	0.3303	9.550	0.4710	9.550	0.2958	9.550	0.3853	9.550	0.3728	9.550	0.2560	9.550	0.3609
9.600	0.2679	9.600	0.3011	9.600	0.4632	9.600	0.2983	9.600	0.3838	9.600	0.3795	9.600	0.3084	9.600	0.3519
9.650	0.2307	9.650	0.2760	9.650	0.4511	9.650	0.3048	9.650	0.3821	9.650	0.3862	9.650	0.3651	9.650	0.3445
9.700	0.2020	9.700	0.2565	9.700	0.4351	9.700	0.3150	9.700	0.3800	9.700	0.3924	9.700	0.4223	9.700	0.3386
9.750	0.1824	9.750	0.2433	9.750	0.4161	9.750	0.3286	9.750	0.3781	9.750	0.3977	9.750	0.4767	9.750	0.3347
9.800	0.1725	9.800	0.2367	9.800	0.3952	9.800	0.3448	9.800	0.3760	9.800	0.4022	9.800	0.5249	9.800	0.3331
9.850	0.1717	9.850	0.2371	9.850	0.3732	9.850	0.3629	9.850	0.3741	9.850	0.4054	9.850	0.5650	9.850	0.3340
9.900	0.1796	9.900	0.2444	9.900	0.3515	9.900	0.3816	9.900	0.3724	9.900	0.4071	9.900	0.5974	9.900	0.3368
9.950	0.1971	9.950	0.2584	9.950	0.3311	9.950	0.4004	9.950	0.3710	9.950	0.4073	9.950	0.6174	9.950	0.3420
10.000	0.2240	10.000	0.2786	10.000	0.3133	10.000	0.4176	10.000	0.3700	10.000	0.4062	10.000	0.6259	10.000	0.3490
10.050	0.2594	10.050	0.3041	10.050	0.2988	10.050	0.4330	10.050	0.3695	10.050	0.4036	10.050	0.6228	10.050	0.3574
10.100	0.3019	10.100	0.3336	10.100	0.2884	10.100	0.4454	10.100	0.3693	10.100	0.3995	10.100	0.6086	10.100	0.3668
10.150	0.3489	10.150	0.3653	10.150	0.2824	10.150	0.4543	10.150	0.3696	10.150	0.3944	10.150	0.5833	10.150	0.3768
10.200	0.3974	10.200	0.3978	10.200	0.2815	10.200	0.4592	10.200	0.3703	10.200	0.3883	10.200	0.5460	10.200	0.3870
10.250	0.4445	10.250	0.4291	10.250	0.2854	10.250	0.4600	10.250	0.3717	10.250	0.3820	10.250	0.5015	10.250	0.3966
10.300	0.4876	10.300	0.4576	10.300	0.2939	10.300	0.4567	10.300	0.3730	10.300	0.3753	10.300	0.4500	10.300	0.4051
10.350	0.5246	10.350	0.4816	10.350	0.3067	10.350	0.4494	10.350	0.3749	10.350	0.3687	10.350	0.3942	10.350	0.4122
10.400	0.5538	10.400	0.5003	10.400	0.3233	10.400	0.4383	10.400	0.3768	10.400	0.3627	10.400	0.3366	10.400	0.4175
10.450	0.5760	10.450	0.5127	10.450	0.3427	10.450	0.4242	10.450	0.3789	10.450	0.3575	10.450	0.2818	10.450	0.4210
10.500	0.5867	10.500	0.5185	10.500	0.3640	10.500	0.4077	10.500	0.3808	10.500	0.3533	10.500	0.2333	10.500	0.4221
10.550	0.5875	10.550	0.5171	10.550	0.3860	10.550	0.3897	10.550	0.3827	10.550	0.3504	10.550	0.1936	10.550	0.4210
10.600	0.5785	10.600	0.5090	10.600	0.4073	10.600	0.3711	10.600	0.3842	10.600	0.3490	10.600	0.1683	10.600	0.4176
10.650	0.5577	10.650	0.4942	10.650	0.4273	10.650	0.3528	10.650	0.3856	10.650	0.3491	10.650	0.1562	10.650	0.4121
10.700	0.5300	10.700	0.4735	10.700	0.4444	10.700	0.3359	10.700	0.3866	10.700	0.3505	10.700	0.1496	10.700	0.4049
10.750	0.4942	10.750	0.4478	10.750	0.4583	10.750	0.3210	10.750	0.3870	10.750	0.3534	10.750	0.1506	10.750	0.3965
10.800	0.4520	10.800	0.4182	10.800	0.4679	10.800	0.3092	10.800	0.3870	10.800	0.3577	10.800	0.1628	10.800	0.3869
10.850	0.4055	10.850	0.3865	10.850	0.4730	10.850	0.3009	10.850	0.3867	10.850	0.3628	10.850	0.1754	10.850	0.3767
10.900	0.3572	10.900	0.3539	10.900	0.4731	10.900	0.2965	10.900	0.3858	10.900	0.3688	10.900	0.2081	10.900	0.3667
10.950	0.3099	10.950	0.3229	10.950	0.4686	10.950	0.2963	10.950	0.3845	10.950	0.3753	10.950	0.2514	10.950	0.3572
11.000	0.2666	11.000	0.2947	11.000	0.4594	11.000	0.3002	11.000	0.3829	11.000	0.3820	11.000	0.3028	11.000	0.3490
11.050	0.2300	11.050	0.2712	11.050	0.4459	11.050	0.3080	11.050	0.3810	11.050	0.3886	11.050	0.3590	11.050	0.3420
11.100	0.2016	11.100	0.2530	11.100	0.4289	11.100	0.3195	11.100	0.3791	11.100	0.3944	11.100	0.4160	11.100	0.3370
11.150	0.1828	11.150	0.2414	11.150	0.4092	11.150	0.3340	11.150	0.3771	11.150	0.3996	11.150	0.4703	11.150	0.3340
11.200	0.1734	11.200	0.2366	11.200	0.3880	11.200	0.3510	11.200	0.3752	11.200	0.4036	11.200	0.5191	11.200	0.3333
11.250	0.1728	11.250	0.2388	11.250	0.3660	11.250	0.3692	11.250	0.3733	11.250	0.4062	11.250	0.5600	11.250	0.3350
11.300	0.1811	11.300	0.2476	11.300	0.3447	11.300	0.3881	11.300	0.3717	11.300	0.4073	11.300	0.5934	11.300	0.3387
11.350	0.1990	11.350	0.2632	11.350	0.3251	11.350	0.4064	11.350	0.3705	11.350	0.4070	11.350	0.6144	11.350	0.3445
11.400	0.2262	11.400	0.2847	11.400	0.3083	11.400	0.4231	11.400	0.3696	11.400	0.4051	11.400	0.6241	11.400	0.3521
11.450	0.2620	11.450	0.3113	11.450	0.2951	11.450	0.4375	11.450	0.3693	11.450	0.4019	11.450	0.6224	11.450	0.3610
11.500	0.3045	11.500	0.3415	11.500	0.2861	11.500	0.4487	11.500	0.3693	11.500	0.3976	11.500	0.6094	11.500	0.3708
11.550	0.3513	11.550	0.3736	11.550	0.2819	11.550	0.4564	11.550	0.3698	11.550	0.3921	11.550	0.5853	11.550	0.3808
11.600	0.3997	11.600	0.4057	11.600	0.2825	11.600	0.4600	11.600	0.3708	11.600	0.3859	11.600	0.5492	11.600	0.3907
11.650	0.4463	11.650	0.4362	11.650	0.2879	11.650	0.4592	11.650	0.3722	11.650	0.3794	11.650	0.5060	11.650	0.4001
11.700	0.4890	11.700	0.4636	11.700	0.2980	11.700	0.4545	11.700	0.3737	11.700	0.3727	11.700	0.4554	11.700	0.4078
11.750	0.5255	11.750	0.4863	11.750	0.3120	11.750	0.4458	11.750	0.3756	11.750	0.3663	11.750	0.4000	11.750	0.4144
11.800	0.5540	11.800	0.5035	11.800	0.3295	11.800	0.4336	11.800	0.3777	11.800	0.3606	11.800	0.3430	11.800	0.4191
11.850	0.5757	11.850	0.5143	11.850	0.3496	11.850	0.4185	11.850	0.3796	11.850	0.3559	11.850	0.2881	11.850	0.4216
11.900	0.5860	11.900	0.5183	11.900	0.3712	11.900	0.4015	11.900	0.3816	11.900	0.3521	11.900	0.2388	11.900	0.4218
11.950	0.5862	11.950	0.5153	11.950	0.3932	11.950	0.3833	11.950	0.3834	11.950	0.3499	11.950	0.1983	11.950	0.4198
12.000	0.5767	12.000	0.5055	12.000	0.4139	12.000	0.3645	12.000	0.3847	12.000	0.3490	12.000	0.1716	12.000	0.4155
12.050	0.5558	12.050	0.4891	12.050	0.4330	12.050	0.3466	12.050	0.3859	12.050	0.3495	12.050	0.1595	12.050	0.4095
12.100	0.5276	12.100	0.4672	12.100	0.4493	12.100	0.3303	12.100	0.3868	12.100	0.3517	12.100	0.1505	12.100	0.4018
12.150	0.4917	12.150	0.4404	12.150	0.4616	12.150	0.3167	12.150	0.3870	12.150	0.3551	12.150	0.1516	12.150	0.3929
12.200	0.4496	12.200	0.4103	12.200	0.4698	12.200	0.3061	12.200	0.3868	12.200	0.3595	12.200	0.1655	12.200	0.3829
12.250	0.4031	12.250	0.3784	12.250	0.4732	12.250	0.2992	12.250	0.3863	12.250	0.3652	12.250	0.1762	12.250	0.3728
12.300	0.3549	12.300	0.3463	12.300	0.4718	12.300	0.2962	12.300	0.3851	12.300	0.3714	12.300	0.2050	12.300	0.3629
12.350	0.3081	12.350	0.3158	12.350	0.4657	12.350	0.2973	12.350	0.3838	12.350	0.3781	12.350	0.2471	12.350	0.3540
12.400	0.2653	12.400	0.2886	12.400	0.4550	12.400	0.3026	12.400	0.3821	12.400	0.3846	12.400	0.2975	12.400	0.3462
12.450	0.2291	12.450	0.2663	12.450	0.4404	12.450	0.3118	12.450	0.3802	12.450	0.3910	12.450	0.3530	12.450	0.3400
12.500	0.2015	12.500	0.2499	12.500	0.4224	12.500	0.3243	12.500	0.3783	12.500	0.3967	12.500	0.4096	12.500	0.3358
12.550	0.1829	12.550	0.2400	12.550	0.4023	12.550	0.3399	12.550	0.3762	12.550	0.4012	12.550	0.4643	12.550	0.3337
12.600	0.1739	12.600	0.2370	12.600	0.3806	12.600	0.3574	12.600	0.3743	12.600	0.4047	12.600	0.5136	12.600	0.3338
12.650	0.1738	12.650	0.2406	12.650	0.3589	12.650	0.3759	12.650	0.3726	12.650	0.4068	12.650	0.5550	12.650	0.3363
12.700	0.1826	12.700	0.2514	12.700	0.3380	12.700	0.3947	12.700	0.3714	12.700	0.4073	12.700	0.5892	12.700	0.3409
12.750	0.2009	12.750	0.2683	12.750	0.3193	12.750	0.4124	12.750	0.3702	12.750	0.4063	12.750	0.6113	12.750	0.3474
12.800	0.2285	12.800	0.2912	12.800	0.3038	12.800	0.4285	12.800	0.3695	12.800	0.4041	12.800	0.6221	12.800	0.3555
12.850	0.2644	12.850	0.3187	12.850	0.2920	12.850	0.4418	12.850	0.3693	12.850	0.4004	12.850	0.6219	12.850	0.3648
12.900	0.3070	12.900	0.3494	12.900	0.2845	12.900	0.4517	12.900	0.3696	12.900	0.3954	12.900	0.6099	12.900	0.3746
12.950	0.3538	12.950	0.3815	12.950	0.2819	12.950	0.4580	12.950	0.3703	12.950	0.3897	12.950	0.5870	12.950	0.3847
13.000	0.4019	13.000	0.4133	13.000	0.2840	13.000	0.4600	13.000	0.3715	13.000	0.3834	13.000	0.5521	13.000	0.3944
13.050	0.4482	13.050	0.4431	13.050	0.2910	13.050	0.4580	13.050	0.3729	13.050	0.3767	13.050	0.5099	13.050	0.4033
13.100	0.4904	13.100	0.4693	13.100	0.3025	13.100	0.4518	13.100	0.3746	13.100	0.3701	13.100	0.4604	13.100	0.4106
13.150	0.5263	13.150	0.4908	13.150	0.3177	13.150	0.4419	13.150	0.3765	13.150	0.3641	13.150	0.4055	13.150	0.4163
13.200	0.5544	13.200	0.5063	13.200	0.3360	13.200	0.4287	13.200	0.3785	13.200	0.3587	13.200	0.3489	13.200	0.4202
13.250	0.5755	13.250	0.5154	13.250	0.3568	13.250	0.4127	13.250	0.3804	13.250	0.3544	13.250	0.2938	13.250	0.4218
13.300	0.5852	13.300	0.5177	13.300	0.3784	13.300	0.3952	13.300	0.3823	13.300	0.3513	13.300	0.2441	13.300	0.4211
13.350	0.5852	13.350	0.5129	13.350	0.4003	13.350	0.3766	13.350	0.3840	13.350	0.3495	13.350	0.2029	13.350	0.4182
13.400	0.5750	13.400	0.5016	13.400	0.4204	13.400	0.3581	13.400	0.3854	13.400	0.3491	13.400	0.1749	13.400	0.4135
13.450	0.5537	13.450	0.4838	13.450	0.4386	13.450	0.3407	13.450	0.3865	13.450	0.3503	13.450	0.1625	13.450	0.4066
13.500	0.5254	13.500	0.4607	13.500	0.4536	13.500	0.3253	13.500	0.3868	13.500	0.3529	13.500	0.1524	13.500	0.3984
13.550	0.4893	13.550	0.4330	13.550	0.4646	13.550	0.3125	13.550	0.3870	13.550	0.3568	13.550	0.1523	13.550	0.3891
13.600	0.4470	13.600	0.4024	13.600	0.4712	13.600	0.3032	13.600	0.3867	13.600	0.3618	13.600	0.1650	13.600	0.3791
13.650	0.4008	13.650	0.3703	13.650	0.4731	13.650	0.2976	13.650	0.3858	13.650	0.3676	13.650	0.1750	13.650	0.3691
13.700	0.3529	13.700	0.3386	13.700	0.4701	13.700	0.2960	13.700	0.3846	13.700	0.3741	13.700	0.2025	13.700	0.3595
13.750	0.3062	13.750	0.3089	13.750	0.4625	13.750	0.2986	13.750	0.3831	13.750	0.3807	13.750	0.2432	13.750	0.3509
13.800	0.2639	13.800	0.2829	13.800	0.4504	13.800	0.3055	13.800	0.3814	13.800	0.3872	13.800	0.2927	13.800	0.3436
13.850	0.2284	13.850	0.2622	13.850	0.4346	13.850	0.3159	13.850	0.3795	13.850	0.3932	13.850	0.3475	13.850	0.3382
13.900	0.2011	13.900	0.2473	13.900	0.4159	13.900	0.3294	13.900	0.3774	13.900	0.3984	13.900	0.4038	13.900	0.3347
13.950	0.1833	13.950	0.2391	13.950	0.3952	13.950	0.3457	13.950	0.3755	13.950	0.4028	13.950	0.4584	13.950	0.3337
14.000	0.1746	14.000	0.2376	14.000	0.3734	14.000	0.3637	14.000	0.3736	14.000	0.4055	14.000	0.5081	14.000	0.3346
14.050	0.1748	14.050	0.2432	14.050	0.3520	14.050	0.3826	14.050	0.3721	14.050	0.4070	14.050	0.5501	14.050	0.3380
14.100	0.1844	14.100	0.2553	14.100	0.3318	14.100	0.4011	14.100	0.3709	14.100	0.4070	14.100	0.5852	14.100	0.3433
14.150	0.2030	14.150	0.2740	14.150	0.3140	14.150	0.4181	14.150	0.3700	14.150	0.4055	14.150	0.6081	14.150	0.3505
14.200	0.2309	14.200	0.2979	14.200	0.2996	14.200	0.4333	14.200	0.3695	14.200	0.4026	14.200	0.6202	14.200	0.3589
14.250	0.2670	14.250	0.3262	14.250	0.2892	14.250	0.4454	14.250	0.3694	14.250	0.3983	14.250	0.6208	14.250	0.3686
14.300	0.3096	14.300	0.3573	14.300	0.2835	14.300	0.4541	14.300	0.3700	14.300	0.3932	14.300	0.6102	14.300	0.3785
14.350	0.3564	14.350	0.3896	14.350	0.2824	14.350	0.4591	14.350	0.3708	14.350	0.3871	14.350	0.5885	14.350	0.3885
14.400	0.4040	14.400	0.4207	14.400	0.2862	14.400	0.4595	14.400	0.3722	14.400	0.3806	14.400	0.5547	14.400	0.3978
14.450	0.4501	14.450	0.4496	14.450	0.2946	14.450	0.4560	14.450	0.3737	14.450	0.3741	14.450	0.5135	14.450	0.4063
14.500	0.4918	14.500	0.4747	14.500	0.3072	14.500	0.4485	14.500	0.3756	14.500	0.3677	14.500	0.4648	14.500	0.4130
14.550	0.5272	14.550	0.4946	14.550	0.3237	14.550	0.4374	14.550	0.3775	14.550	0.3618	14.550	0.4107	14.550	0.4179
14.600	0.5547	14.600	0.5087	14.600	0.3429	14.600	0.4232	14.600	0.3794	14.600	0.3568	14.600	0.3544	14.600	0.4210
14.650	0.5752	14.650	0.5162	14.650	0.3638	14.650	0.4069	14.650	0.3815	14.650	0.3530	14.650	0.2995	14.650	0.4218
14.700	0.5845	14.700	0.5165	14.700	0.3857	14.700	0.3888	14.700	0.3832	14.700	0.3504	14.700	0.2495	14.700	0.4203
14.750	0.5838	14.750	0.5102	14.750	0.4068	14.750	0.3700	14.750	0.3846	14.750	0.3492	14.750	0.2076	14.750	0.4167
14.800	0.5733	14.800	0.4971	14.800	0.4267	14.800	0.3519	14.800	0.3858	14.800	0.3495	14.800	0.1764	14.800	0.4109
14.850	0.5515	14.850	0.4780	14.850	0.4438	14.850	0.3352	14.850	0.3866	14.850	0.3512	14.850	0.1652	14.850	0.4037
14.900	0.5228	14.900	0.4536	14.900	0.4574	14.900	0.3207	14.900	0.3870	14.900	0.3542	14.900	0.1539	14.900	0.3950
14.950	0.4866	14.950	0.4253	14.950	0.4670	14.950	0.3089	14.950	0.3868	14.950	0.3587	14.950	0.1538	14.950	0.3853
15.000	0.4443	15.000	0.3944	15.000	0.4720	15.000	0.3009	15.000	0.3863	15.000	0.3640	15.000	0.1650	15.000	0.3753
15.050	0.3983	15.050	0.3622	15.050	0.4723	15.050	0.2967	15.050	0.3853	15.050	0.3700	15.050	0.1741	15.050	0.3655
15.100	0.3504	15.100	0.3310	15.100	0.4677	15.100	0.2966	15.100	0.3839	15.100	0.3765	15.100	0.2003	15.100	0.3562
15.150	0.3041	15.150	0.3021	15.150	0.4586	15.150	0.3007	15.150	0.3824	15.150	0.3832	15.150	0.2400	15.150	0.3481
15.200	0.2625	15.200	0.2776	15.200	0.4454	15.200	0.3087	15.200	0.3805	15.200	0.3896	15.200	0.2882	15.200	0.3415
15.250	0.2274	15.250	0.2582	15.250	0.4286	15.250	0.3203	15.250	0.3786	15.250	0.3953	15.250	0.3424	15.250	0.3368
15.300	0.2008	15.300	0.2450	15.300	0.4090	15.300	0.3351	15.300	0.3765	15.300	0.4003	15.300	0.3986	15.300	0.3344
15.350	0.1834	15.350	0.2386	15.350	0.3880	15.350	0.3521	15.350	0.3747	15.350	0.4038	15.350	0.4531	15.350	0.3340
15.400	0.1751	15.400	0.2388	15.400	0.3663	15.400	0.3704	15.400	0.3729	15.400	0.4062	15.400	0.5029	15.400	0.3360
15.450	0.1760	15.450	0.2461	15.450	0.3453	15.450	0.3892	15.450	0.3715	15.450	0.4070	15.450	0.5457	15.450	0.3401
15.500	0.1859	15.500	0.2599	15.500	0.3257	15.500	0.4071	15.500	0.3703	15.500	0.4065	15.500	0.5814	15.500	0.3461
15.550	0.2050	15.550	0.2798	15.550	0.3091	15.550	0.4238	15.550	0.3696	15.550	0.4045	15.550	0.6052	15.550	0.3538
15.600	0.2334	15.600	0.3048	15.600	0.2960	15.600	0.4378	15.600	0.3695	15.600	0.4010	15.600	0.6181	15.600	0.3627
15.650	0.2697	15.650	0.3339	15.650	0.2871	15.650	0.4489	15.650	0.3696	15.650	0.3964	15.650	0.6197	15.650	0.3725
15.700	0.3125	15.700	0.3653	15.700	0.2829	15.700	0.4562	15.700	0.3703	15.700	0.3908	15.700	0.6101	15.700	0.3825
15.750	0.3592	15.750	0.3973	15.750	0.2835	15.750	0.4596	15.750	0.3713	15.750	0.3846	15.750	0.5897	15.750	0.3923
15.800	0.4066	15.800	0.4281	15.800	0.2888	15.800	0.4587	15.800	0.3727	15.800	0.3780	15.800	0.5569	15.800	0.4013
15.850	0.4521	15.850	0.4560	15.850	0.2987	15.850	0.4538	15.850	0.3744	15.850	0.3715	15.850	0.5167	15.850	0.4089
15.900	0.4933	15.900	0.4799	15.900	0.3126	15.900	0.4449	15.900	0.3763	15.900	0.3653	15.900	0.4689	15.900	0.4149
15.950	0.5283	15.950	0.4983	15.950	0.3299	15.950	0.4328	15.950	0.3782	15.950	0.3597	15.950	0.4155	15.950	0.4195
16.000	0.5551	16.000	0.5107	16.000	0.3498	16.000	0.4177	16.000	0.3801	16.000	0.3552	16.000	0.3598	16.000	0.4214
16.050	0.5751	16.050	0.5164	16.050	0.3712	16.050	0.4007	16.050	0.3820	16.050	0.3520	16.050	0.3046	16.050	0.4213
16.100	0.5838	16.100	0.5150	16.100	0.3929	16.100	0.3823	16.100	0.3837	16.100	0.3497	16.100	0.2543	16.100	0.4189
16.150	0.5824	16.150	0.5070	16.150	0.4136	16.150	0.3636	16.150	0.3851	16.150	0.3491	16.150	0.2120	16.150	0.4145
16.200	0.5716	16.200	0.4925	16.200	0.4323	16.200	0.3459	16.200	0.3861	16.200	0.3500	16.200	0.1797	16.200	0.4082
16.250	0.5493	16.250	0.4722	16.250	0.4484	16.250	0.3298	16.250	0.3867	16.250	0.3524	16.250	0.1647	16.250	0.4005
16.300	0.5204	16.300	0.4468	16.300	0.4607	16.300	0.3162	16.300	0.3868	16.300	0.3559	16.300	0.1562	16.300	0.3912
16.350	0.4838	16.350	0.4177	16.350	0.4690	16.350	0.3058	16.350	0.3865	16.350	0.3607	16.350	0.1540	16.350	0.3814
16.400	0.4413	16.400	0.3863	16.400	0.4724	16.400	0.2990	16.400	0.3858	16.400	0.3664	16.400	0.1650	16.400	0.3716
16.450	0.3953	16.450	0.3543	16.450	0.4709	16.450	0.2962	16.450	0.3846	16.450	0.3726	16.450	0.1762	16.450	0.3619
16.500	0.3478	16.500	0.3237	16.500	0.4649	16.500	0.2976	16.500	0.3833	16.500	0.3793	16.500	0.1982	16.500	0.3529
16.550	0.3021	16.550	0.2959	16.550	0.4545	16.550	0.3031	16.550	0.3815	16.550	0.3858	16.550	0.2369	16.550	0.3455
16.600	0.2608	16.600	0.2726	16.600	0.4399	16.600	0.3125	16.600	0.3796	16.600	0.3919	16.600	0.2843	16.600	0.3396
16.650	0.2263	16.650	0.2547	16.650	0.4222	16.650	0.3253	16.650	0.3776	16.650	0.3974	16.650	0.3377	16.650	0.3358
16.700	0.2004	16.700	0.2433	16.700	0.4021	16.700	0.3407	16.700	0.3757	16.700	0.4015	16.700	0.3935	16.700	0.3340
16.750	0.1834	16.750	0.2385	16.750	0.3808	16.750	0.3584	16.750	0.3738	16.750	0.4047	16.750	0.4480	16.750	0.3347
16.800	0.1759	16.800	0.2407	16.800	0.3592	16.800	0.3770	16.800	0.3722	16.800	0.4066	16.800	0.4981	16.800	0.3374
16.850	0.1772	16.850	0.2495	16.850	0.3387	16.850	0.3957	16.850	0.3710	16.850	0.4068	16.850	0.5412	16.850	0.3423
16.900	0.1876	16.900	0.2649	16.900	0.3200	16.900	0.4131	16.900	0.3700	16.900	0.4056	16.900	0.5757	16.900	0.3490
16.950	0.2073	16.950	0.2859	16.950	0.3045	16.950	0.4290	16.950	0.3695	16.950	0.4031	16.950	0.6022	16.950	0.3572
17.000	0.2360	17.000	0.3122	17.000	0.2929	17.000	0.4420	17.000	0.3694	17.000	0.3992	17.000	0.6160	17.000	0.3665
17.050	0.2726	17.050	0.3418	17.050	0.2856	17.050	0.4517	17.050	0.3698	17.050	0.3942	17.050	0.6187	17.050	0.3763
17.100	0.3155	17.100	0.3734	17.100	0.2829	17.100	0.4576	17.100	0.3706	17.100	0.3883	17.100	0.6101	17.100	0.3863
17.150	0.3619	17.150	0.4050	17.150	0.2851	17.150	0.4595	17.150	0.3718	17.150	0.3820	17.150	0.5907	17.150	0.3959
17.200	0.4093	17.200	0.4352	17.200	0.2919	17.200	0.4573	17.200	0.3734	17.200	0.3754	17.200	0.5589	17.200	0.4044
17.250	0.4544	17.250	0.4621	17.250	0.3031	17.250	0.4509	17.250	0.3751	17.250	0.3691	17.250	0.5198	17.250	0.4113
17.300	0.4951	17.300	0.4846	17.300	0.3182	17.300	0.4408	17.300	0.3770	17.300	0.3630	17.300	0.4727	17.300	0.4168
17.350	0.5293	17.350	0.5014	17.350	0.3364	17.350	0.4276	17.350	0.3790	17.350	0.3580	17.350	0.4200	17.350	0.4203
17.400	0.5556	17.400	0.5121	17.400	0.3568	17.400	0.4117	17.400	0.3809	17.400	0.3539	17.400	0.3646	17.400	0.4216
17.450	0.5749	17.450	0.5161	17.450	0.3784	17.450	0.3943	17.450	0.3828	17.450	0.3509	17.450	0.3098	17.450	0.4206
17.500	0.5830	17.500	0.5132	17.500	0.4000	17.500	0.3757	17.500	0.3842	17.500	0.3495	17.500	0.2592	17.500	0.4174
17.550	0.5811	17.550	0.5034	17.550	0.4199	17.550	0.3573	17.550	0.3854	17.550	0.3495	17.550	0.2163	17.550	0.4121
17.600	0.5697	17.600	0.4874	17.600	0.4379	17.600	0.3400	17.600	0.3863	17.600	0.3508	17.600	0.1831	17.600	0.4053
17.650	0.5470	17.650	0.4658	17.650	0.4528	17.650	0.3246	17.650	0.3868	17.650	0.3537	17.650	0.1701	17.650	0.3970
17.700	0.5176	17.700	0.4394	17.700	0.4637	17.700	0.3122	17.700	0.3867	17.700	0.3578	17.700	0.1579	17.700	0.3876
17.750	0.4809	17.750	0.4096	17.750	0.4702	17.750	0.3030	17.750	0.3862	17.750	0.3630	17.750	0.1557	17.750	0.3776
17.800	0.4384	17.800	0.3782	17.800	0.4720	17.800	0.2976	17.800	0.3853	17.800	0.3688	17.800	0.1654	17.800	0.3678
17.850	0.3924	17.850	0.3465	17.850	0.4693	17.850	0.2963	17.850	0.3839	17.850	0.3753	17.850	0.1759	17.850	0.3585
17.900	0.3451	17.900	0.3166	17.900	0.4616	17.900	0.2992	17.900	0.3824	17.900	0.3819	17.900	0.1967	17.900	0.3500
17.950	0.2998	17.950	0.2898	17.950	0.4498	17.950	0.3060	17.950	0.3807	17.950	0.3882	17.950	0.2341	17.950	0.3431
18.000	0.2590	18.000	0.2679	18.000	0.4343	18.000	0.3167	18.000	0.3788	18.000	0.3941	18.000	0.2807	18.000	0.3380
18.050	0.2253	18.050	0.2518	18.050	0.4155	18.050	0.3304	18.050	0.3767	18.050	0.3991	18.050	0.3335	18.050	0.3351
18.100	0.1999	18.100	0.2420	18.100	0.3952	18.100	0.3469	18.100	0.3748	18.100	0.4031	18.100	0.3889	18.100	0.3342
18.150	0.1836	18.150	0.2389	18.150	0.3735	18.150	0.3649	18.150	0.3731	18.150	0.4055	18.150	0.4432	18.150	0.3357
18.200	0.1766	18.200	0.2427	18.200	0.3523	18.200	0.3835	18.200	0.3717	18.200	0.4068	18.200	0.4934	18.200	0.3392
18.250	0.1784	18.250	0.2533	18.250	0.3323	18.250	0.4019	18.250	0.3705	18.250	0.4065	18.250	0.5371	18.250	0.3449
18.300	0.1895	18.300	0.2700	18.300	0.3148	18.300	0.4190	18.300	0.3698	18.300	0.4048	18.300	0.5720	18.300	0.3521
18.350	0.2097	18.350	0.2925	18.350	0.3005	18.350	0.4338	18.350	0.3695	18.350	0.4015	18.350	0.5994	18.350	0.3608
18.400	0.2387	18.400	0.3195	18.400	0.2903	18.400	0.4458	18.400	0.3696	18.400	0.3973	18.400	0.6141	18.400	0.3703
18.450	0.2757	18.450	0.3497	18.450	0.2845	18.450	0.4541	18.450	0.3701	18.450	0.3920	18.450	0.6178	18.450	0.3802
18.500	0.3187	18.500	0.3813	18.500	0.2834	18.500	0.4587	18.500	0.3711	18.500	0.3859	18.500	0.6099	18.500	0.3901
18.550	0.3650	18.550	0.4128	18.550	0.2871	18.550	0.4592	18.550	0.3725	18.550	0.3794	18.550	0.5914	18.550	0.3992
18.600	0.4119	18.600	0.4421	18.600	0.2955	18.600	0.4555	18.600	0.3741	18.600	0.3729	18.600	0.5606	18.600	0.4071
18.650	0.4566	18.650	0.4678	18.650	0.3079	18.650	0.4477	18.650	0.3760	18.650	0.3666	18.650	0.5224	18.650	0.4137
18.700	0.4968	18.700	0.4889	18.700	0.3240	18.700	0.4364	18.700	0.3778	18.700	0.3611	18.700	0.4762	18.700	0.4182
18.750	0.5304	18.750	0.5042	18.750	0.3431	18.750	0.4221	18.750	0.3797	18.750	0.3563	18.750	0.4243	18.750	0.4209
18.800	0.5560	18.800	0.5132	18.800	0.3640	18.800	0.4057	18.800	0.3816	18.800	0.3526	18.800	0.3693	18.800	0.4213
18.850	0.5748	18.850	0.5153	18.850	0.3857	18.850	0.3878	18.850	0.3834	18.850	0.3502	18.850	0.3145	18.850	0.4194
18.900	0.5820	18.900	0.5107	18.900	0.4067	18.900	0.3692	18.900	0.3847	18.900	0.3493	18.900	0.2638	18.900	0.4153
18.950	0.5798	18.950	0.4995	18.950	0.4261	18.950	0.3510	18.950	0.3858	18.950	0.3500	18.950	0.2202	18.950	0.4095
19.000	0.5655	19.000	0.4819	19.000	0.4431	19.000	0.3343	19.000	0.3865	19.000	0.3520	19.000	0.1864	19.000	0.4020
19.050	0.5445	19.050	0.4591	19.050	0.4566	19.050	0.3200	19.050	0.3867	19.050	0.3553	19.050	0.1730	19.050	0.3934
19.100	0.5147	19.100	0.4318	19.100	0.4662	19.100	0.3085	19.100	0.3865	19.100	0.3597	19.100	0.1600	19.100	0.3836
19.150	0.4776	19.150	0.4018	19.150	0.4711	19.150	0.3006	19.150	0.3858	19.150	0.3652	19.150	0.1568	19.150	0.3736
19.200	0.4351	19.200	0.3701	19.200	0.4714	19.200	0.2967	19.200	0.3846	19.200	0.3714	19.200	0.1633	19.200	0.3640
19.250	0.3891	19.250	0.3389	19.250	0.4669	19.250	0.2968	19.250	0.3834	19.250	0.3779	19.250	0.1759	19.250	0.3550
19.300	0.3421	19.300	0.3097	19.300	0.4579	19.300	0.3012	19.300	0.3817	19.300	0.3845	19.300	0.1951	19.300	0.3472
19.350	0.2972	19.350	0.2841	19.350	0.4447	19.350	0.3096	19.350	0.3798	19.350	0.3907	19.350	0.2318	19.350	0.3410
19.400	0.2571	19.400	0.2637	19.400	0.4281	19.400	0.3214	19.400	0.3779	19.400	0.3962	19.400	0.2775	19.400	0.3366
19.450	0.2239	19.450	0.2492	19.450	0.4088	19.450	0.3361	19.450	0.3760	19.450	0.4009	19.450	0.3295	19.450	0.3345
19.500	0.1994	19.500	0.2410	19.500	0.3880	19.500	0.3531	19.500	0.3741	19.500	0.4042	19.500	0.3846	19.500	0.3347
19.550	0.1838	19.550	0.2399	19.550	0.3665	19.550	0.3715	19.550	0.3726	19.550	0.4063	19.550	0.4387	19.550	0.3369
19.600	0.1773	19.600	0.2453	19.600	0.3456	19.600	0.3902	19.600	0.3712	19.600	0.4068	19.600	0.4893	19.600	0.3413
19.650	0.1798	19.650	0.2574	19.650	0.3264	19.650	0.4079	19.650	0.3703	19.650	0.4060	19.650	0.5331	19.650	0.3475
19.700	0.1914	19.700	0.2757	19.700	0.3098	19.700	0.4243	19.700	0.3696	19.700	0.4038	19.700	0.5688	19.700	0.3553
19.750	0.2121	19.750	0.2993	19.750	0.2968	19.750	0.4383	19.750	0.3696	19.750	0.4000	19.750	0.5967	19.750	0.3644
19.800	0.2417	19.800	0.3271	19.800	0.2882	19.800	0.4491	19.800	0.3700	19.800	0.3952	19.800	0.6120	19.800	0.3741
19.850	0.2788	19.850	0.3578	19.850	0.2838	19.850	0.4561	19.850	0.3706	19.850	0.3895	19.850	0.6164	19.850	0.3840
19.900	0.3220	19.900	0.3896	19.900	0.2844	19.900	0.4593	19.900	0.3718	19.900	0.3834	19.900	0.6097	19.900	0.3937
19.950	0.3681	19.950	0.4202	19.950	0.2897	19.950	0.4582	19.950	0.3732	19.950	0.3768	19.950	0.5922	19.950	0.4023
20.000	0.4147	20.000	0.4486	20.000	0.2994	20.000	0.4531	20.000	0.3751	20.000	0.3704	20.000	0.5623	20.000	0.4097
20.050	0.4590	20.050	0.4733	20.050	0.3132	20.050	0.4441	20.050	0.3768	20.050	0.3644	20.050	0.5248	20.050	0.4155
20.100	0.4985	20.100	0.4929	20.100	0.3304	20.100	0.4318	20.100	0.3789	20.100	0.3591	20.100	0.4794	20.100	0.4195
20.150	0.5316	20.150	0.5067	20.150	0.3499			20.150	0.3806	20.150	0.3547	20.150	0.4281	20.150	0.4211
20.200	0.5566	20.200	0.5139	20.200	0.3712			20.200	0.3825	20.200	0.3516	20.200	0.3734	20.200	0.4208
20.250	0.5725	20.250	0.5143	20.250	0.3927			20.250	0.3840	20.250	0.3499	20.250	0.3190	20.250	0.4179
20.300	0.5811	20.300	0.5080	20.300	0.4132			20.300	0.3853	20.300	0.3495	20.300	0.2681	20.300	0.4133
20.350	0.5781	20.350	0.4950	20.350	0.4320			20.350	0.3861	20.350	0.3507	20.350	0.2242	20.350	0.4068
20.400	0.5635	20.400	0.4762	20.400	0.4477			20.400	0.3867	20.400	0.3532	20.400	0.1897		
20.450	0.5417	20.450	0.4522	20.450	0.4601			20.450	0.3867			20.450	0.1754		
20.500	0.5118	20.500	0.4242	20.500	0.4681			20.500	0.3862			20.500	0.1622		
20.550	0.4745	20.550	0.3937					20.550	0.3853			20.550	0.1580		
20.600	0.4318	20.600	0.3622					20.600	0.3841			20.600	0.1634		
		20.650	0.3313					20.650	0.3826			20.650	0.1785		
		20.700	0.3031					20.700	0.3808			20.700	0.1940		
		20.750	0.2788					20.750	0.3790			20.750	0.2297		
		20.800	0.2599									20.800	0.2745		
		20.850	0.2469									20.850	0.3259		
		20.900	0.2406									20.900	0.3805		
		20.950	0.2410									20.950	0.4346		
		21.000	0.2483									21.000	0.4852		
		21.050	0.2620									21.050	0.5293		
		21.100	0.2817									21.100	0.5655		
		21.150	0.3063									21.150	0.5939		
												21.200	0.6101		
												21.250	0.6153		
												21.300	0.6093		
												21.350	0.5925		
												21.400	0.5635		
												21.450	0.5268		
												21.500	0.4822		
												21.550	0.4314		
												21.600	0.3774		
												21.650	0.3229		
												21.700	0.2721		
												21.750	0.2278		
												21.800	0.1928		
												21.850	0.1750		
												21.900	0.1634		
												21.950	0.1622		
												22.000	0.1636		
