"Time (s) Run #1","Position (m) Run #1"
0.000,0.2529
0.050,0.2837
0.100,0.3202
0.150,0.3617
0.200,0.4024
0.250,0.4439
0.300,0.4860
0.350,0.5241
0.400,0.5580
0.450,0.5876
0.500,0.6115
0.550,0.6312
0.600,0.6423
0.650,0.6465
0.700,0.6440
0.750,0.6345
0.800,0.6162
0.850,0.5939
0.900,0.5658
0.950,0.5325
1.000,0.4955
1.050,0.4536
1.100,0.4126
1.150,0.3716
1.200,0.3297
1.250,0.2926
1.300,0.2577
1.350,0.2302
1.400,0.2088
1.450,0.1941
1.500,0.1868
1.550,0.1864
1.600,0.1932
1.650,0.2072
1.700,0.2279
1.750,0.2547
1.800,0.2892
1.850,0.3258
1.900,0.3674
1.950,0.4080
2.000,0.4490
2.050,0.4910
2.100,0.5284
2.150,0.5617
2.200,0.5902
2.250,0.6131
2.300,0.6299
2.350,0.6421
2.400,0.6455
2.450,0.6419
2.500,0.6295
2.550,0.6125
2.600,0.5894
2.650,0.5606
2.700,0.5273
2.750,0.4898
2.800,0.4481
2.850,0.4069
2.900,0.3664
2.950,0.3251
3.000,0.2887
3.050,0.2546
3.100,0.2282
3.150,0.2078
3.200,0.1941
3.250,0.1878
3.300,0.1886
3.350,0.1961
3.400,0.2110
3.450,0.2323
3.500,0.2599
3.550,0.2945
3.600,0.3315
3.650,0.3730
3.700,0.4137
3.750,0.4545
3.800,0.4957
3.850,0.5325
3.900,0.5650
3.950,0.5927
4.000,0.6170
4.050,0.6305
4.100,0.6418
4.150,0.6442
4.200,0.6377
4.250,0.6263
4.300,0.6107
4.350,0.5848
4.400,0.5556
4.450,0.5216
4.500,0.4841
4.550,0.4424
4.600,0.4017
4.650,0.3612
4.700,0.3204
4.750,0.2847
4.800,0.2517
4.850,0.2261
4.900,0.2067
4.950,0.1941
5.000,0.1890
5.050,0.1880
5.100,0.1990
5.150,0.2149
5.200,0.2371
5.250,0.2652
5.300,0.3003
5.350,0.3396
5.400,0.3794
5.450,0.4197
5.500,0.4622
5.550,0.5010
5.600,0.5369
5.650,0.5684
5.700,0.5953
5.750,0.6164
5.800,0.6332
5.850,0.6413
5.900,0.6428
5.950,0.6374
6.000,0.6253
6.050,0.6048
6.100,0.5801
6.150,0.5503
6.200,0.5163
6.250,0.4785
6.300,0.4367
6.350,0.3960
6.400,0.3560
6.450,0.3157
6.500,0.2807
6.550,0.2485
6.600,0.2242
6.650,0.2057
6.700,0.1943
6.750,0.1874
6.800,0.1924
6.850,0.2021
6.900,0.2187
6.950,0.2416
7.000,0.2703
7.050,0.3060
7.100,0.3435
7.150,0.3851
7.200,0.4250
7.250,0.4673
7.300,0.5055
7.350,0.5408
7.400,0.5717
7.450,0.5977
7.500,0.6178
7.550,0.6337
7.600,0.6409
7.650,0.6392
7.700,0.6348
7.750,0.6219
7.800,0.6007
7.850,0.5753
7.900,0.5451
7.950,0.5101
8.000,0.4703
8.050,0.4305
8.100,0.3903
8.150,0.3507
8.200,0.3109
8.250,0.2769
8.300,0.2456
8.350,0.2221
8.400,0.2046
8.450,0.1942
8.500,0.1888
8.550,0.1944
8.600,0.2052
8.650,0.2226
8.700,0.2462
8.750,0.2757
8.800,0.3118
8.850,0.3514
8.900,0.3909
8.950,0.4308
9.000,0.4726
9.050,0.5105
9.100,0.5448
9.150,0.5750
9.200,0.6001
9.250,0.6193
9.300,0.6320
9.350,0.6402
9.400,0.6396
9.450,0.6324
9.500,0.6163
9.550,0.5964
9.600,0.5703
9.650,0.5396
9.700,0.5046
9.750,0.4666
9.800,0.4246
9.850,0.3847
9.900,0.3434
9.950,0.3068
10.000,0.2731
10.050,0.2425
10.100,0.2202
10.150,0.2041
10.200,0.1946
10.250,0.1922
10.300,0.1970
10.350,0.2086
10.400,0.2269
10.450,0.2512
10.500,0.2832
10.550,0.3178
10.600,0.3575
10.650,0.3969
10.700,0.4369
10.750,0.4782
10.800,0.5153
10.850,0.5490
10.900,0.5783
10.950,0.6022
11.000,0.6203
11.050,0.6322
11.100,0.6395
11.150,0.6359
11.200,0.6277
11.250,0.6129
11.300,0.5918
11.350,0.5675
11.400,0.5343
11.450,0.4988
11.500,0.4584
11.550,0.4186
11.600,0.3791
11.650,0.3382
11.700,0.3021
11.750,0.2696
11.800,0.2401
11.850,0.2188
11.900,0.2036
11.950,0.1951
12.000,0.1940
12.050,0.1995
12.100,0.2120
12.150,0.2313
12.200,0.2561
12.250,0.2885
12.300,0.3236
12.350,0.3631
12.400,0.4026
12.450,0.4424
12.500,0.4830
12.550,0.5196
12.600,0.5528
12.650,0.5811
12.700,0.6042
12.750,0.6213
12.800,0.6342
12.850,0.6385
12.900,0.6338
12.950,0.6248
13.000,0.6091
13.050,0.5875
13.100,0.5602
13.150,0.5283
13.200,0.4927
13.250,0.4525
13.300,0.4129
13.350,0.3736
13.400,0.3333
13.450,0.2976
13.500,0.2662
13.550,0.2376
13.600,0.2171
13.650,0.2029
13.700,0.1956
13.750,0.1953
13.800,0.2019
13.850,0.2156
13.900,0.2353
13.950,0.2614
14.000,0.2947
14.050,0.3296
14.100,0.3698
14.150,0.4088
14.200,0.4482
14.250,0.4887
14.300,0.5247
14.350,0.5567
14.400,0.5842
14.450,0.6063
14.500,0.6224
14.550,0.6342
14.600,0.6374
14.650,0.6339
14.700,0.6217
14.750,0.6052
14.800,0.5828
14.850,0.5552
14.900,0.5228
14.950,0.4869
15.000,0.4463
15.050,0.4067
15.100,0.3679
15.150,0.3282
15.200,0.2933
15.250,0.2606
15.300,0.2352
15.350,0.2157
15.400,0.2025
15.450,0.1964
15.500,0.1974
15.550,0.2048
15.600,0.2194
15.650,0.2401
15.700,0.2689
15.750,0.3002
15.800,0.3358
15.850,0.3762
15.900,0.4149
15.950,0.4562
16.000,0.4942
16.050,0.5293
16.100,0.5606
16.150,0.5870
16.200,0.6082
16.250,0.6231
16.300,0.6340
16.350,0.6341
16.400,0.6317
16.450,0.6206
16.500,0.6013
16.550,0.5782
16.600,0.5497
16.650,0.5171
16.700,0.4807
16.750,0.4403
16.800,0.4010
16.850,0.3622
16.900,0.3231
16.950,0.2890
17.000,0.2572
17.050,0.2328
17.100,0.2145
17.150,0.2025
17.200,0.1974
17.250,0.1991
17.300,0.2079
17.350,0.2233
17.400,0.2445
17.450,0.2717
17.500,0.3060
17.550,0.3418
17.600,0.3822
17.650,0.4208
17.700,0.4597
17.750,0.4990
17.800,0.5335
17.850,0.5642
17.900,0.5898
17.950,0.6099
18.000,0.6238
18.050,0.6336
18.100,0.6348
18.150,0.6274
18.200,0.6154
18.250,0.5972
18.300,0.5732
18.350,0.5442
18.400,0.5109
18.450,0.4746
18.500,0.4342
18.550,0.3953
18.600,0.3570
18.650,0.3181
18.700,0.2848
18.750,0.2542
18.800,0.2305
18.850,0.2131
18.900,0.2023
18.950,0.1983
19.000,0.2011
19.050,0.2110
19.100,0.2274
19.150,0.2495
19.200,0.2795
19.250,0.3122
19.300,0.3499
19.350,0.3884
19.400,0.4269
19.450,0.4674
19.500,0.5042
19.550,0.5380
19.600,0.5676
19.650,0.5924
19.700,0.6115
19.750,0.6246
19.800,0.6331
19.850,0.6333
19.900,0.6248
19.950,0.6118
20.000,0.5929
20.050,0.5684
20.100,0.5387
20.150,0.5050
20.200,0.4684
20.250,0.4280
20.300,0.3892
20.350,0.3513
20.400,0.3133
20.450,0.2807
20.500,0.2508
20.550,0.2286
20.600,0.2124
20.650,0.2025
20.700,0.1998
20.750,0.2037
20.800,0.2144
20.850,0.2317
20.900,0.2546
20.950,0.2851
21.000,0.3184
21.050,0.3564
21.100,0.3947
21.150,0.4331
21.200,0.4732
21.250,0.5095
21.300,0.5426
21.350,0.5713
21.400,0.5950
21.450,0.6130
21.500,0.6272
21.550,0.6305
21.600,0.6317
21.650,0.6241
21.700,0.6082
21.750,0.5884
21.800,0.5631
21.850,0.5332
21.900,0.4992
21.950,0.4622
22.000,0.4218
22.050,0.3835
22.100,0.3458
22.150,0.3084
22.200,0.2767
22.250,0.2478
22.300,0.2265
22.350,0.2115
22.400,0.2028
22.450,0.2010
22.500,0.2059
22.550,0.2177
22.600,0.2355
22.650,0.2596
22.700,0.2908
22.750,0.3244
22.800,0.3626
22.850,0.4005
22.900,0.4393
22.950,0.4787
23.000,0.5145
23.050,0.5468
23.100,0.5746
23.150,0.5973
23.200,0.6143
23.250,0.6273
23.300,0.6319
23.350,0.6278
23.400,0.6192
23.450,0.6043
23.500,0.5840
23.550,0.5579
23.600,0.5272
23.650,0.4928
23.700,0.4558
23.750,0.4156
23.800,0.3774
23.850,0.3385
23.900,0.3036
23.950,0.2729
24.000,0.2449
24.050,0.2248
24.100,0.2106
24.150,0.2031
24.200,0.2022
24.250,0.2085
24.300,0.2211
24.350,0.2398
24.400,0.2646
24.450,0.2963
24.500,0.3304
24.550,0.3690
24.600,0.4066
24.650,0.4450
24.700,0.4841
24.750,0.5190
24.800,0.5507
24.850,0.5777
24.900,0.5996
24.950,0.6155
25.000,0.6273
25.050,0.6308
25.100,0.6279
25.150,0.6163
25.200,0.6007
25.250,0.5792
25.300,0.5526
25.350,0.5212
25.400,0.4868
25.450,0.4475
25.500,0.4094
25.550,0.3715
25.600,0.3331
25.650,0.2991
25.700,0.2693
25.750,0.2424
25.800,0.2231
25.850,0.2101
25.900,0.2038
25.950,0.2043
26.000,0.2114
26.050,0.2251
26.100,0.2447
26.150,0.2721
26.200,0.3026
26.250,0.3369
26.300,0.3760
26.350,0.4134
26.400,0.4533
26.450,0.4903
26.500,0.5245
26.550,0.5549
26.600,0.5810
26.650,0.6017
26.700,0.6167
26.750,0.6254
26.800,0.6297
26.850,0.6237
26.900,0.6133
26.950,0.5966
27.000,0.5744
27.050,0.5471
27.100,0.5155
27.150,0.4807
27.200,0.4379
27.250,0.4030
27.300,0.3658
27.350,0.3276
27.400,0.2945
27.450,0.2634
27.500,0.2393
27.550,0.2217
27.600,0.2097
27.650,0.2047
27.700,0.2060
27.750,0.2143
27.800,0.2288
27.850,0.2493
27.900,0.2774
27.950,0.3086
28.000,0.3450
28.050,0.3820
28.100,0.4194
28.150,0.4591
28.200,0.4954
28.250,0.5290
28.300,0.5587
28.350,0.5838
28.400,0.6035
28.450,0.6195
28.500,0.6251
28.550,0.6284
28.600,0.6213
28.650,0.6097
28.700,0.5923
28.750,0.5694
28.800,0.5413
28.850,0.5090
28.900,0.4739
28.950,0.4346
29.000,0.3970
29.050,0.3597
29.100,0.3222
29.150,0.2898
29.200,0.2599
29.250,0.2371
29.300,0.2200
29.350,0.2094
29.400,0.2052
29.450,0.2080
29.500,0.2172
29.550,0.2326
29.600,0.2538
29.650,0.2829
29.700,0.3148
29.750,0.3513
29.800,0.3886
29.850,0.4256
29.900,0.4630
29.950,0.5008
30.000,0.5337
30.050,0.5625
30.100,0.5866
30.150,0.6053
30.200,0.6182
30.250,0.6268
30.300,0.6248
30.350,0.6186
30.400,0.6063
30.450,0.5879
30.500,0.5641
30.550,0.5356
30.600,0.5031
30.650,0.4675
30.700,0.4283
30.750,0.3909
30.800,0.3539
30.850,0.3172
30.900,0.2857
30.950,0.2566
31.000,0.2350
31.050,0.2191
31.100,0.2094
31.150,0.2064
31.200,0.2102
31.250,0.2205
31.300,0.2369
31.350,0.2612
31.400,0.2889
31.450,0.3209
31.500,0.3579
31.550,0.3947
31.600,0.4325
31.650,0.4712
31.700,0.5063
31.750,0.5383
31.800,0.5663
31.850,0.5894
31.900,0.6071
31.950,0.6188
32.000,0.6242
32.050,0.6233
32.100,0.6161
32.150,0.6027
32.200,0.5834
32.250,0.5589
32.300,0.5299
32.350,0.4969
32.400,0.4612
32.450,0.4218
32.500,0.3848
32.550,0.3462
32.600,0.3119
32.650,0.2813
32.700,0.2533
32.750,0.2326
32.800,0.2179
32.850,0.2093
32.900,0.2077
32.950,0.2125
33.000,0.2237
33.050,0.2415
33.100,0.2641
33.150,0.2942
33.200,0.3268
33.250,0.3640
33.300,0.4004
33.350,0.4378
33.400,0.4742
33.450,0.5111
33.500,0.5425
33.550,0.5698
33.600,0.5918
33.650,0.6083
33.700,0.6191
33.750,0.6232
33.800,0.6214
33.850,0.6130
33.900,0.5986
33.950,0.5786
34.000,0.5532
34.050,0.5236
34.100,0.4901
34.150,0.4523
34.200,0.4151
34.250,0.3784
34.300,0.3402
34.350,0.3067
34.400,0.2770
34.450,0.2500
34.500,0.2305
34.550,0.2168
34.600,0.2095
34.650,0.2087
34.700,0.2148
34.750,0.2271
34.800,0.2449
34.850,0.2716
34.900,0.3004
34.950,0.3333
35.000,0.3709
35.050,0.4076
35.100,0.4469
35.150,0.4831
35.200,0.5166
35.250,0.5470
35.300,0.5733
35.350,0.5941
35.400,0.6096
35.450,0.6190
35.500,0.6243
35.550,0.6212
35.600,0.6099
35.650,0.5946
35.700,0.5736
35.750,0.5478
35.800,0.5174
35.850,0.4839
35.900,0.4459
35.950,0.4089
36.000,0.3723
36.050,0.3348
36.100,0.3022
36.150,0.2733
36.200,0.2493
36.250,0.2291
36.300,0.2166
36.350,0.2105
36.400,0.2111
36.450,0.2182
36.500,0.2335
36.550,0.2526
36.600,0.2775
36.650,0.3069
36.700,0.3421
36.750,0.3779
36.800,0.4145
36.850,0.4508
36.900,0.4852
36.950,0.5220
37.000,0.5513
37.050,0.5766
37.100,0.5965
37.150,0.6108
37.200,0.6191
37.250,0.6234
37.300,0.6172
37.350,0.6069
37.400,0.5905
37.450,0.5690
37.500,0.5424
37.550,0.5117
37.600,0.4777
37.650,0.4395
37.700,0.4025
37.750,0.3664
37.800,0.3318
37.850,0.2975
37.900,0.2696
37.950,0.2447
38.000,0.2272
38.050,0.2159
38.100,0.2110
38.150,0.2127
38.200,0.2208
38.250,0.2352
38.300,0.2550
38.350,0.2828
38.400,0.3129
38.450,0.3486
38.500,0.3843
38.550,0.4208
38.600,0.4592
38.650,0.4944
38.700,0.5268
38.750,0.5555
38.800,0.5795
38.850,0.5984
38.900,0.6117
38.950,0.6190
39.000,0.6200
39.050,0.6168
39.100,0.6035
39.150,0.5863
39.200,0.5637
39.250,0.5364
39.300,0.5053
39.350,0.4711
39.400,0.4330
39.450,0.3964
39.500,0.3602
39.550,0.3239
39.600,0.2927
39.650,0.2658
39.700,0.2421
39.750,0.2253
39.800,0.2154
39.850,0.2117
39.900,0.2144
39.950,0.2236
40.000,0.2384
40.050,0.2621
40.100,0.2883
40.150,0.3189
40.200,0.3548
40.250,0.3905
40.300,0.4272
40.350,0.4652
40.400,0.4998
40.450,0.5317
40.500,0.5595
40.550,0.5827
40.600,0.6006
40.650,0.6126
40.700,0.6208
40.750,0.6188
40.800,0.6123
40.850,0.5999
40.900,0.5818
40.950,0.5585
41.000,0.5306
41.050,0.4988
41.100,0.4642
41.150,0.4261
41.200,0.3899
41.250,0.3540
41.300,0.3184
41.350,0.2879
41.400,0.2599
41.450,0.2388
41.500,0.2241
41.550,0.2152
41.600,0.2127
41.650,0.2164
41.700,0.2268
41.750,0.2425
41.800,0.2649
41.850,0.2941
41.900,0.3254
41.950,0.3615
42.000,0.3973
42.050,0.4339
42.100,0.4717
42.150,0.5055
42.200,0.5365
42.250,0.5634
42.300,0.5854
42.350,0.6023
42.400,0.6134
42.450,0.6177
42.500,0.6169
42.550,0.6095
42.600,0.5961
42.650,0.5772
42.700,0.5532
42.750,0.5247
42.800,0.4927
42.850,0.4582
42.900,0.4199
42.950,0.3840
43.000,0.3485
43.050,0.3136
43.100,0.2839
43.150,0.2590
43.200,0.2370
43.250,0.2230
43.300,0.2155
43.350,0.2142
43.400,0.2192
43.450,0.2306
43.500,0.2499
43.550,0.2727
43.600,0.3006
43.650,0.3321
43.700,0.3687
43.750,0.4043
43.800,0.4427
43.850,0.4779
43.900,0.5112
43.950,0.5412
44.000,0.5669
44.050,0.5882
44.100,0.6039
44.150,0.6137
44.200,0.6176
44.250,0.6152
44.300,0.6068
44.350,0.5924
44.400,0.5726
44.450,0.5477
44.500,0.5182
44.550,0.4857
44.600,0.4490
44.650,0.4128
44.700,0.3771
44.750,0.3402
44.800,0.3080
44.850,0.2794
44.900,0.2536
44.950,0.2350
45.000,0.2221
45.050,0.2155
45.100,0.2153
45.150,0.2215
45.200,0.2340
45.250,0.2519
45.300,0.2777
45.350,0.3063
45.400,0.3383
45.450,0.3754
45.500,0.4106
45.550,0.4464
45.600,0.4836
45.650,0.5162
45.700,0.5455
45.750,0.5707
45.800,0.5905
45.850,0.6051
45.900,0.6140
45.950,0.6164
46.000,0.6131
46.050,0.6055
46.100,0.5879
46.150,0.5674
46.200,0.5419
46.250,0.5122
46.300,0.4792
46.350,0.4424
46.400,0.4066
46.450,0.3711
46.500,0.3367
46.550,0.3034
46.600,0.2754
46.650,0.2507
46.700,0.2329
46.750,0.2214
46.800,0.2158
46.850,0.2170
46.900,0.2243
46.950,0.2381
47.000,0.2590
47.050,0.2837
47.100,0.3129
47.150,0.3472
47.200,0.3824
47.250,0.4177
47.300,0.4552
47.350,0.4896
47.400,0.5217
47.450,0.5502
47.500,0.5740
47.550,0.5928
47.600,0.6062
47.650,0.6139
47.700,0.6174
47.750,0.6108
47.800,0.6000
47.850,0.5840
47.900,0.5624
47.950,0.5360
48.000,0.5060
48.050,0.4728
48.100,0.4354
48.150,0.3997
48.200,0.3645
48.250,0.3289
48.300,0.2982
48.350,0.2694
48.400,0.2474
48.450,0.2315
48.500,0.2209
48.550,0.2165
48.600,0.2188
48.650,0.2274
48.700,0.2415
48.750,0.2617
48.800,0.2890
48.850,0.3188
48.900,0.3538
48.950,0.3886
49.000,0.4240
49.050,0.4595
49.100,0.4952
49.150,0.5263
49.200,0.5540
49.250,0.5770
49.300,0.5949
49.350,0.6072
49.400,0.6156
49.450,0.6160
49.500,0.6081
49.550,0.5966
49.600,0.5794
49.650,0.5568
49.700,0.5298
49.750,0.4991
49.800,0.4656
49.850,0.4286
49.900,0.3933
49.950,0.3585
50.000,0.3232
50.050,0.2934
50.100,0.2655
50.150,0.2448
50.200,0.2296
50.250,0.2202
50.300,0.2174
50.350,0.2209
50.400,0.2304
50.450,0.2456
50.500,0.2689
50.550,0.2950
50.600,0.3256
50.650,0.3605
50.700,0.3956
50.750,0.4308
50.800,0.4678
50.850,0.5012
50.900,0.5315
50.950,0.5579
51.000,0.5801
51.050,0.5966
51.100,0.6080
51.150,0.6131
51.200,0.6145
51.250,0.6055
51.300,0.5930
51.350,0.5747
51.400,0.5515
51.450,0.5240
51.500,0.4927
51.550,0.4588
51.600,0.4219
51.650,0.3869
51.700,0.3524
51.750,0.3181
51.800,0.2887
51.850,0.2640
51.900,0.2424
51.950,0.2284
52.000,0.2202
52.050,0.2187
52.100,0.2231
52.150,0.2340
52.200,0.2506
52.250,0.2744
52.300,0.3015
52.350,0.3321
52.400,0.3677
52.450,0.4022
52.500,0.4375
52.550,0.4742
52.600,0.5069
52.650,0.5365
52.700,0.5619
52.750,0.5829
52.800,0.5986
52.850,0.6084
52.900,0.6126
52.950,0.6105
53.000,0.6027
53.050,0.5889
53.100,0.5698
53.150,0.5458
53.200,0.5178
53.250,0.4861
53.300,0.4500
53.350,0.4147
53.400,0.3802
53.450,0.3461
53.500,0.3123
53.550,0.2840
53.600,0.2585
53.650,0.2396
53.700,0.2271
53.750,0.2203
53.800,0.2199
53.850,0.2257
53.900,0.2376
53.950,0.2547
54.000,0.2799
54.050,0.3075
54.100,0.3385
54.150,0.3744
54.200,0.4089
54.250,0.4444
54.300,0.4800
54.350,0.5122
54.400,0.5410
54.450,0.5656
54.500,0.5855
54.550,0.6002
54.600,0.6088
54.650,0.6118
54.700,0.6085
54.750,0.5996
54.800,0.5848
54.850,0.5650
54.900,0.5401
54.950,0.5111
55.000,0.4792
55.050,0.4435
55.100,0.4081
55.150,0.3737
55.200,0.3382
55.250,0.3073
55.300,0.2799
55.350,0.2552
55.400,0.2380
55.450,0.2263
55.500,0.2207
55.550,0.2214
55.600,0.2284
55.650,0.2412
55.700,0.2597
55.750,0.2854
55.800,0.3138
55.850,0.3452
55.900,0.3811
55.950,0.4156
56.000,0.4506
56.050,0.4862
56.100,0.5176
56.150,0.5455
56.200,0.5690
56.250,0.5880
56.300,0.6012
56.350,0.6090
56.400,0.6108
56.450,0.6065
56.500,0.5964
56.550,0.5805
56.600,0.5597
56.650,0.5345
56.700,0.5049
56.750,0.4726
56.800,0.4364
56.850,0.4017
56.900,0.3673
56.950,0.3325
57.000,0.3023
57.050,0.2759
57.100,0.2520
57.150,0.2360
57.200,0.2257
57.250,0.2213
57.300,0.2231
57.350,0.2315
57.400,0.2451
57.450,0.2667
57.500,0.2916
57.550,0.3203
57.600,0.3541
57.650,0.3883
57.700,0.4227
57.750,0.4594
57.800,0.4924
57.850,0.5229
57.900,0.5500
57.950,0.5725
58.000,0.5901
58.050,0.6025
58.100,0.6089
58.150,0.6094
58.200,0.6041
58.250,0.5929
58.300,0.5762
58.350,0.5547
58.400,0.5284
58.450,0.4987
58.500,0.4661
58.550,0.4297
58.600,0.3950
58.650,0.3609
58.700,0.3265
58.750,0.2973
58.800,0.2718
58.850,0.2493
58.900,0.2346
58.950,0.2252
59.000,0.2220
59.050,0.2252
59.100,0.2346
59.150,0.2494
59.200,0.2719
59.250,0.2972
59.300,0.3265
59.350,0.3610
59.400,0.3950
59.450,0.4294
59.500,0.4658
59.550,0.4983
59.600,0.5281
59.650,0.5542
59.700,0.5756
59.750,0.5923
59.800,0.6034
59.850,0.6086
59.900,0.6079
59.950,0.6014
60.000,0.5894
60.050,0.5716
60.100,0.5490
60.150,0.5223
60.200,0.4917
60.250,0.4569
60.300,0.4226
60.350,0.3881
60.400,0.3526
60.450,0.3210
60.500,0.2923
60.550,0.2659
60.600,0.2461
60.650,0.2328
60.700,0.2248
60.750,0.2230
60.800,0.2272
60.850,0.2378
60.900,0.2534
60.950,0.2749
61.000,0.3030
61.050,0.3332
61.100,0.3679
61.150,0.4013
61.200,0.4361
61.250,0.4718
61.300,0.5040
61.350,0.5331
61.400,0.5580
61.450,0.5786
61.500,0.5939
61.550,0.6039
61.600,0.6081
61.650,0.6062
61.700,0.5987
61.750,0.5854
61.800,0.5668
61.850,0.5437
61.900,0.5162
61.950,0.4851
62.000,0.4523
62.050,0.4160
62.100,0.3821
62.150,0.3490
62.200,0.3158
62.250,0.2880
62.300,0.2647
62.350,0.2446
62.400,0.2319
62.450,0.2250
62.500,0.2244
62.550,0.2298
62.600,0.2416
62.650,0.2583
62.700,0.2825
62.750,0.3095
62.800,0.3420
62.850,0.3747
62.900,0.4085
62.950,0.4430
63.000,0.4783
63.050,0.5095
63.100,0.5378
63.150,0.5618
63.200,0.5814
63.250,0.5957
63.300,0.6045
63.350,0.6073
63.400,0.6044
63.450,0.5956
63.500,0.5813
63.550,0.5620
63.600,0.5379
63.650,0.5099
63.700,0.4786
63.750,0.4434
63.800,0.4090
63.850,0.3752
63.900,0.3426
63.950,0.3103
64.000,0.2835
64.050,0.2593
64.100,0.2423
64.150,0.2309
64.200,0.2251
64.250,0.2257
64.300,0.2325
64.350,0.2452
64.400,0.2652
64.450,0.2883
64.500,0.3160
64.550,0.3490
64.600,0.3823
64.650,0.4155
64.700,0.4517
64.750,0.4845
64.800,0.5152
64.850,0.5425
64.900,0.5654
64.950,0.5840
65.000,0.5971
65.050,0.6045
65.100,0.6065
65.150,0.6022
65.200,0.5924
65.250,0.5771
65.300,0.5567
65.350,0.5319
65.400,0.5032
65.450,0.4716
65.500,0.4362
65.550,0.4021
65.600,0.3688
65.650,0.3344
65.700,0.3049
65.750,0.2790
65.800,0.2560
65.850,0.2399
65.900,0.2300
65.950,0.2256
66.000,0.2276
66.050,0.2351
66.100,0.2488
66.150,0.2679
66.200,0.2938
66.250,0.3222
66.300,0.3555
66.350,0.3886
66.400,0.4225
66.450,0.4559
66.500,0.4902
66.550,0.5204
66.600,0.5470
66.650,0.5689
66.700,0.5863
66.750,0.5982
66.800,0.6046
66.850,0.6051
66.900,0.5998
66.950,0.5890
67.000,0.5726
67.050,0.5514
67.100,0.5258
67.150,0.4963
67.200,0.4647
67.250,0.4293
67.300,0.3955
67.350,0.3624
67.400,0.3310
67.450,0.3001
67.500,0.2750
67.550,0.2532
67.600,0.2385
67.650,0.2293
67.700,0.2263
67.750,0.2293
67.800,0.2384
67.850,0.2534
67.900,0.2753
67.950,0.3001
68.000,0.3291
68.050,0.3626
68.100,0.3959
68.150,0.4295
68.200,0.4647
68.250,0.4968
68.300,0.5257
68.350,0.5511
68.400,0.5722
68.450,0.5884
68.500,0.5993
68.550,0.6043
68.600,0.6038
68.650,0.5973
68.700,0.5854
68.750,0.5682
68.800,0.5459
68.850,0.5198
68.900,0.4901
68.950,0.4579
69.000,0.4224
69.050,0.3888
69.100,0.3560
69.150,0.3232
69.200,0.2952
69.250,0.2712
69.300,0.2506
69.350,0.2368
69.400,0.2291
69.450,0.2273
69.500,0.2317
69.550,0.2420
69.600,0.2577
69.650,0.2808
69.700,0.3065
69.750,0.3379
69.800,0.3696
69.850,0.4027
69.900,0.4365
69.950,0.4713
70.000,0.5023
70.050,0.5307
70.100,0.5553
70.150,0.5752
70.200,0.5903
70.250,0.6000
70.300,0.6040
70.350,0.6021
70.400,0.5945
70.450,0.5815
70.500,0.5632
70.550,0.5404
70.600,0.5135
70.650,0.4833
70.700,0.4488
70.750,0.4153
70.800,0.3819
70.850,0.3498
70.900,0.3173
70.950,0.2904
71.000,0.2657
71.050,0.2475
71.100,0.2354
71.150,0.2291
71.200,0.2287
71.250,0.2343
71.300,0.2452
71.350,0.2621
71.400,0.2859
71.450,0.3125
71.500,0.3423
71.550,0.3765
71.600,0.4096
71.650,0.4429
71.700,0.4773
71.750,0.5080
71.800,0.5356
71.850,0.5591
71.900,0.5782
71.950,0.5919
72.000,0.6004
72.050,0.6031
72.100,0.6002
72.150,0.5915
72.200,0.5774
72.250,0.5584
72.300,0.5347
72.350,0.5071
72.400,0.4767
72.450,0.4422
72.500,0.4086
72.550,0.3757
72.600,0.3439
72.650,0.3125
72.700,0.2864
72.750,0.2626
72.800,0.2458
72.850,0.2349
72.900,0.2294
72.950,0.2300
73.000,0.2367
73.050,0.2491
73.100,0.2692
73.150,0.2919
73.200,0.3192
73.250,0.3513
73.300,0.3835
73.350,0.4165
73.400,0.4497
73.450,0.4840
73.500,0.5138
73.550,0.5404
73.600,0.5629
73.650,0.5808
73.700,0.5933
73.750,0.6008
73.800,0.6022
73.850,0.5980
73.900,0.5882
73.950,0.5731
74.000,0.5531
74.050,0.5289
74.100,0.5007
74.150,0.4700
74.200,0.4351
74.250,0.4020
74.300,0.3693
74.350,0.3377
74.400,0.3071
74.450,0.2819
74.500,0.2593
74.550,0.2439
74.600,0.2340
74.650,0.2299
74.700,0.2319
74.750,0.2395
74.800,0.2555
74.850,0.2743
74.900,0.2979
74.950,0.3255
75.000,0.3585
75.050,0.3907
75.100,0.4235
75.150,0.4584
75.200,0.4902
75.250,0.5192
75.300,0.5447
75.350,0.5662
75.400,0.5830
75.450,0.5946
75.500,0.6006
75.550,0.6010
75.600,0.5957
75.650,0.5848
75.700,0.5688
75.750,0.5479
75.800,0.5227
75.850,0.4938
75.900,0.4628
75.950,0.4281
76.000,0.3950
76.050,0.3626
76.100,0.3297
76.150,0.3018
76.200,0.2774
76.250,0.2560
76.300,0.2420
76.350,0.2333
76.400,0.2308
76.450,0.2340
76.500,0.2423
76.550,0.2575
76.600,0.2793
76.650,0.3036
76.700,0.3320
76.750,0.3652
76.800,0.3974
76.850,0.4303
76.900,0.4649
76.950,0.4959
77.000,0.5242
77.050,0.5491
77.100,0.5695
77.150,0.5851
77.200,0.5955
77.250,0.6003
77.300,0.5995
77.350,0.5930
77.400,0.5811
77.450,0.5640
77.500,0.5423
77.550,0.5162
77.600,0.4873
77.650,0.4557
77.700,0.4212
77.750,0.3884
77.800,0.3564
77.850,0.3242
77.900,0.2971
77.950,0.2740
78.000,0.2535
78.050,0.2406
78.100,0.2331
78.150,0.2318
78.200,0.2360
78.250,0.2462
78.300,0.2620
78.350,0.2848
78.400,0.3101
78.450,0.3387
78.500,0.3722
78.550,0.4043
78.600,0.4372
78.650,0.4713
78.700,0.5016
78.750,0.5292
78.800,0.5532
78.850,0.5725
78.900,0.5869
78.950,0.5960
79.000,0.5998
79.050,0.5978
79.100,0.5901
79.150,0.5772
79.200,0.5590
79.250,0.5366
79.300,0.5102
79.350,0.4805
79.400,0.4468
79.450,0.4139
79.500,0.3817
79.550,0.3500
79.600,0.3185
79.650,0.2924
79.700,0.2703
79.750,0.2513
79.800,0.2392
79.850,0.2331
79.900,0.2330
79.950,0.2385
80.000,0.2522
80.050,0.2690
80.100,0.2906
80.150,0.3164
80.200,0.3477
80.250,0.3794
80.300,0.4113
80.350,0.4441
80.400,0.4780
80.450,0.5077
80.500,0.5342
80.550,0.5570
80.600,0.5752
80.650,0.5887
80.700,0.5966
80.750,0.5990
80.800,0.5958
80.850,0.5870
80.900,0.5729
80.950,0.5541
81.000,0.5308
81.050,0.5036
81.100,0.4736
81.150,0.4398
81.200,0.4067
81.250,0.3748
81.300,0.3439
81.350,0.3130
81.400,0.2876
81.450,0.2648
81.500,0.2487
81.550,0.2385
81.600,0.2334
81.650,0.2347
81.700,0.2417
81.750,0.2538
81.800,0.2717
81.850,0.2961
81.900,0.3226
81.950,0.3544
82.000,0.3861
82.050,0.4183
82.100,0.4529
82.150,0.4841
82.200,0.5130
82.250,0.5389
82.300,0.5607
82.350,0.5779
82.400,0.5899
82.450,0.5968
82.500,0.5979
82.550,0.5936
82.600,0.5836
82.650,0.5686
82.700,0.5488
82.750,0.5246
82.800,0.4969
82.850,0.4665
82.900,0.4327
82.950,0.4003
83.000,0.3684
83.050,0.3379
83.100,0.3078
83.150,0.2835
83.200,0.2617
83.250,0.2469
83.300,0.2379
83.350,0.2342
83.400,0.2364
83.450,0.2446
83.500,0.2579
83.550,0.2789
83.600,0.3024
83.650,0.3294
83.700,0.3617
83.750,0.3933
83.800,0.4255
83.850,0.4596
83.900,0.4903
83.950,0.5187
84.000,0.5434
84.050,0.5642
84.100,0.5803
84.150,0.5912
84.200,0.5967
84.250,0.5967
84.300,0.5910
84.350,0.5802
84.400,0.5642
84.450,0.5434
84.500,0.5186
84.550,0.4906
84.600,0.4596
84.650,0.4256
84.700,0.3937
84.750,0.3620
84.800,0.3301
84.850,0.3030
84.900,0.2797
84.950,0.2587
85.000,0.2454
85.050,0.2372
85.100,0.2353
85.150,0.2384
85.200,0.2478
85.250,0.2644
85.300,0.2843
85.350,0.3085
85.400,0.3384
85.450,0.3688
85.500,0.4004
85.550,0.4324
85.600,0.4662
85.650,0.4965
85.700,0.5239
85.750,0.5477
85.800,0.5675
85.850,0.5822
85.900,0.5921
85.950,0.5964
86.000,0.5952
86.050,0.5885
86.100,0.5763
86.150,0.5594
86.200,0.5378
86.250,0.5122
86.300,0.4834
86.350,0.4506
86.400,0.4184
86.450,0.3867
86.500,0.3532
86.550,0.3242
86.600,0.2978
86.650,0.2757
86.700,0.2559
86.750,0.2436
86.800,0.2369
86.850,0.2357
86.900,0.2408
86.950,0.2511
87.000,0.2669
87.050,0.2896
87.100,0.3144
87.150,0.3428
87.200,0.3756
87.250,0.4072
87.300,0.4395
87.350,0.4727
87.400,0.5023
87.450,0.5291
87.500,0.5519
87.550,0.5706
87.600,0.5842
87.650,0.5928
87.700,0.5959
87.750,0.5933
87.800,0.5856
87.850,0.5725
87.900,0.5546
87.950,0.5321
88.000,0.5058
88.050,0.4768
88.100,0.4458
88.150,0.4117
88.200,0.3801
88.250,0.3493
88.300,0.3187
88.350,0.2934
88.400,0.2722
88.450,0.2560
88.500,0.2424
88.550,0.2374
88.600,0.2378
88.650,0.2434
88.700,0.2550
88.750,0.2740
88.800,0.2956
88.850,0.3212
88.900,0.3521
88.950,0.3830
89.000,0.4146
89.050,0.4465
89.100,0.4792
89.150,0.5082
89.200,0.5339
89.250,0.5559
89.300,0.5734
89.350,0.5859
89.400,0.5932
89.450,0.5951
89.500,0.5915
89.550,0.5824
89.600,0.5684
89.650,0.5494
89.700,0.5263
89.750,0.4997
89.800,0.4701
89.850,0.4370
89.900,0.4048
89.950,0.3734
90.000,0.3434
90.050,0.3133
90.100,0.2890
90.150,0.2688
90.200,0.2518
90.250,0.2421
90.300,0.2380
90.350,0.2390
90.400,0.2466
90.450,0.2612
90.500,0.2793
90.550,0.3017
90.600,0.3300
90.650,0.3592
90.700,0.3901
90.750,0.4218
90.800,0.4553
90.850,0.4858
90.900,0.5137
90.950,0.5387
91.000,0.5595
91.050,0.5758
91.100,0.5872
91.150,0.5934
91.200,0.5939
91.250,0.5893
91.300,0.5791
91.350,0.5638
91.400,0.5441
91.450,0.5201
91.500,0.4925
91.550,0.4608
91.600,0.4294
91.650,0.3979
91.700,0.3669
91.750,0.3349
91.800,0.3080
91.850,0.2845
91.900,0.2656
91.950,0.2495
92.000,0.2412
92.050,0.2383
92.100,0.2414
92.150,0.2494
92.200,0.2632
92.250,0.2839
92.300,0.3074
92.350,0.3344
92.400,0.3659
92.450,0.3969
92.500,0.4285
92.550,0.4617
92.600,0.4917
92.650,0.5191
92.700,0.5431
92.750,0.5628
92.800,0.5781
92.850,0.5883
92.900,0.5931
92.950,0.5926
93.000,0.5866
93.050,0.5754
93.100,0.5592
93.150,0.5384
93.200,0.5137
93.250,0.4859
93.300,0.4556
93.350,0.4225
93.400,0.3913
93.450,0.3603
93.500,0.3316
93.550,0.3033
93.600,0.2808
93.650,0.2630
93.700,0.2481
93.750,0.2412
93.800,0.2392
93.850,0.2432
93.900,0.2531
93.950,0.2699
94.000,0.2898
94.050,0.3137
94.100,0.3434
94.150,0.3734
94.200,0.4041
94.250,0.4357
94.300,0.4684
94.350,0.4979
94.400,0.5242
94.450,0.5472
94.500,0.5659
94.550,0.5800
94.600,0.5890
94.650,0.5926
94.700,0.5909
94.750,0.5837
94.800,0.5714
94.850,0.5544
94.900,0.5326
94.950,0.5074
95.000,0.4792
95.050,0.4488
95.100,0.4154
95.150,0.3842
95.200,0.3537
95.250,0.3233
95.300,0.2983
95.350,0.2769
95.400,0.2583
95.450,0.2469
95.500,0.2410
95.550,0.2406
95.600,0.2458
95.650,0.2586
95.700,0.2745
95.750,0.2954
95.800,0.3202
95.850,0.3503
95.900,0.3803
95.950,0.4112
96.000,0.4426
96.050,0.4750
96.100,0.5036
96.150,0.5293
96.200,0.5510
96.250,0.5687
96.300,0.5818
96.350,0.5895
96.400,0.5920
96.450,0.5891
96.500,0.5806
96.550,0.5672
96.600,0.5490
96.650,0.5269
96.700,0.5008
96.750,0.4722
96.800,0.4396
96.850,0.4078
96.900,0.3772
96.950,0.3454
97.000,0.3178
97.050,0.2933
97.100,0.2732
97.150,0.2559
97.200,0.2455
97.250,0.2410
97.300,0.2417
97.350,0.2482
97.400,0.2603
97.450,0.2793
97.500,0.3011
97.550,0.3264
97.600,0.3568
97.650,0.3870
97.700,0.4182
97.750,0.4491
97.800,0.4813
97.850,0.5091
97.900,0.5339
97.950,0.5549
98.000,0.5715
98.050,0.5830
98.100,0.5898
98.150,0.5908
98.200,0.5867
98.250,0.5774
98.300,0.5629
98.350,0.5439
98.400,0.5206
98.450,0.4938
98.500,0.4649
98.550,0.4323
98.600,0.4013
98.650,0.3706
98.700,0.3415
98.750,0.3126
98.800,0.2891
98.850,0.2701
98.900,0.2538
98.950,0.2450
99.000,0.2418
99.050,0.2436
99.100,0.2513
99.150,0.2646
99.200,0.2846
99.250,0.3071
99.300,0.3331
99.350,0.3642
99.400,0.3944
99.450,0.4253
99.500,0.4560
99.550,0.4874
99.600,0.5146
99.650,0.5384
99.700,0.5583
99.750,0.5738
99.800,0.5843
99.850,0.5896
99.900,0.5896
99.950,0.5841
100.000,0.5736
100.050,0.5583
100.100,0.5384
100.150,0.5144
100.200,0.4874
100.250,0.4582
100.300,0.4254
100.350,0.3948
100.400,0.3643
100.450,0.3337
100.500,0.3076
100.550,0.2851
100.600,0.2674
100.650,0.2521
100.700,0.2448
100.750,0.2421
100.800,0.2460
100.850,0.2550
100.900,0.2709
100.950,0.2899
101.000,0.3136
101.050,0.3420
101.100,0.3714
101.150,0.4014
101.200,0.4325
101.250,0.4646
101.300,0.4938
101.350,0.5198
101.400,0.5429
101.450,0.5616
101.500,0.5759
101.550,0.5852
101.600,0.5893
101.650,0.5881
101.700,0.5814
101.750,0.5699
101.800,0.5533
101.850,0.5328
101.900,0.5079
101.950,0.4804
102.000,0.4489
102.050,0.4178
102.100,0.3872
102.150,0.3573
102.200,0.3275
102.250,0.3021
102.300,0.2808
102.350,0.2623
102.400,0.2505
102.450,0.2443
102.500,0.2431
102.550,0.2480
102.600,0.2583
102.650,0.2756
102.700,0.2954
102.750,0.3194
102.800,0.3487
102.850,0.3779
102.900,0.4081
102.950,0.4393
103.000,0.4714
103.050,0.4994
103.100,0.5250
103.150,0.5471
103.200,0.5648
103.250,0.5778
103.300,0.5859
103.350,0.5889
103.400,0.5863
103.450,0.5787
103.500,0.5659
103.550,0.5485
103.600,0.5269
103.650,0.5017
103.700,0.4739
103.750,0.4420
103.800,0.4113
103.850,0.3813
103.900,0.3513
103.950,0.3224
104.000,0.2981
104.050,0.2777
104.100,0.2621
104.150,0.2495
104.200,0.2448
104.250,0.2450
104.300,0.2510
104.350,0.2620
104.400,0.2805
104.450,0.3013
104.500,0.3259
104.550,0.3556
104.600,0.3853
104.650,0.4155
104.700,0.4460
104.750,0.4776
104.800,0.5053
104.850,0.5300
104.900,0.5509
104.950,0.5676
105.000,0.5794
105.050,0.5863
105.100,0.5879
105.150,0.5842
105.200,0.5755
105.250,0.5618
105.300,0.5434
105.350,0.5209
105.400,0.4953
105.450,0.4668
105.500,0.4347
105.550,0.4040
105.600,0.3744
105.650,0.3454
105.700,0.3166
105.750,0.2934
105.800,0.2744
105.850,0.2599
105.900,0.2486
105.950,0.2449
106.000,0.2465
106.050,0.2537
106.100,0.2660
106.150,0.2853
106.200,0.3071
106.250,0.3324
106.300,0.3626
106.350,0.3923
106.400,0.4224
106.450,0.4526
106.500,0.4838
106.550,0.5107
106.600,0.5343
106.650,0.5544
106.700,0.5698
106.750,0.5807
106.800,0.5863
106.850,0.5867
106.900,0.5819
106.950,0.5719
107.000,0.5570
107.050,0.5377
107.100,0.5144
107.150,0.4881
107.200,0.4575
107.250,0.4273
107.300,0.3971
107.350,0.3674
107.400,0.3369
107.450,0.3112
107.500,0.2889
107.550,0.2690
107.600,0.2559
107.650,0.2477
107.700,0.2454
107.750,0.2484
107.800,0.2590
107.850,0.2723
107.900,0.2908
107.950,0.3132
108.000,0.3414
108.050,0.3697
108.100,0.3995
108.150,0.4295
108.200,0.4614
108.250,0.4900
108.300,0.5158
108.350,0.5390
108.400,0.5577
108.450,0.5719
108.500,0.5816
108.550,0.5860
108.600,0.5852
108.650,0.5792
108.700,0.5683
108.750,0.5524
108.800,0.5324
108.850,0.5085
108.900,0.4814
108.950,0.4527
109.000,0.4204
109.050,0.3906
109.100,0.3611
109.150,0.3314
109.200,0.3067
109.250,0.2855
109.300,0.2663
109.350,0.2547
109.400,0.2479
109.450,0.2466
109.500,0.2510
109.550,0.2603
109.600,0.2770
109.650,0.2961
109.700,0.3194
109.750,0.3481
109.800,0.3765
109.850,0.4062
109.900,0.4368
109.950,0.4683
110.000,0.4962
110.050,0.5215
110.100,0.5433
110.150,0.5612
110.200,0.5744
110.250,0.5826
110.300,0.5857
110.350,0.5837
110.400,0.5764
110.450,0.5645
110.500,0.5478
110.550,0.5267
110.600,0.5022
110.650,0.4749
110.700,0.4438
110.750,0.4137
110.800,0.3840
110.850,0.3549
110.900,0.3282
110.950,0.3020
111.000,0.2815
111.050,0.2661
111.100,0.2557
111.150,0.2482
111.200,0.2481
111.250,0.2535
111.300,0.2660
111.350,0.2819
111.400,0.3021
111.450,0.3261
111.500,0.3551
111.550,0.3839
111.600,0.4134
111.650,0.4438
111.700,0.4747
111.750,0.5019
111.800,0.5264
111.850,0.5473
111.900,0.5639
111.950,0.5760
112.000,0.5830
112.050,0.5851
112.100,0.5818
112.150,0.5734
112.200,0.5603
112.250,0.5425
112.300,0.5207
112.350,0.4955
112.400,0.4678
112.450,0.4366
112.500,0.4063
112.550,0.3772
112.600,0.3464
112.650,0.3202
112.700,0.2972
112.750,0.2758
112.800,0.2616
112.850,0.2520
112.900,0.2478
112.950,0.2493
113.000,0.2561
113.050,0.2679
113.100,0.2865
113.150,0.3076
113.200,0.3323
113.250,0.3616
113.300,0.3906
113.350,0.4203
113.400,0.4502
113.450,0.4807
113.500,0.5076
113.550,0.5309
113.600,0.5509
113.650,0.5664
113.700,0.5774
113.750,0.5832
113.800,0.5839
113.850,0.5794
113.900,0.5700
113.950,0.5558
114.000,0.5373
114.050,0.5147
114.100,0.4889
114.150,0.4609
114.200,0.4295
114.250,0.3997
114.300,0.3706
114.350,0.3425
114.400,0.3152
114.450,0.2931
114.500,0.2749
114.550,0.2600
114.600,0.2517
114.650,0.2487
114.700,0.2513
114.750,0.2593
114.800,0.2742
114.850,0.2920
114.900,0.3136
114.950,0.3410
115.000,0.3687
115.050,0.3978
115.100,0.4277
115.150,0.4590
115.200,0.4872
115.250,0.5129
115.300,0.5355
115.350,0.5544
115.400,0.5687
115.450,0.5783
115.500,0.5829
115.550,0.5826
115.600,0.5769
115.650,0.5664
115.700,0.5512
115.750,0.5317
115.800,0.5083
115.850,0.4822
115.900,0.4539
115.950,0.4225
116.000,0.3928
116.050,0.3637
116.100,0.3347
116.150,0.3098
116.200,0.2889
116.250,0.2720
116.300,0.2581
116.350,0.2511
116.400,0.2499
116.450,0.2536
116.500,0.2624
116.550,0.2785
116.600,0.2973
116.650,0.3199
116.700,0.3477
116.750,0.3759
116.800,0.4049
116.850,0.4347
116.900,0.4657
116.950,0.4933
117.000,0.5183
117.050,0.5399
117.100,0.5575
117.150,0.5708
117.200,0.5792
117.250,0.5826
117.300,0.5809
117.350,0.5740
117.400,0.5625
117.450,0.5461
117.500,0.5258
117.550,0.5022
117.600,0.4754
117.650,0.4449
117.700,0.4152
117.750,0.3859
117.800,0.3573
117.850,0.3291
117.900,0.3051
117.950,0.2851
118.000,0.2695
118.050,0.2569
118.100,0.2509
118.150,0.2509
118.200,0.2560
118.250,0.2662
118.300,0.2833
118.350,0.3030
118.400,0.3263
118.450,0.3548
118.500,0.3831
118.550,0.4117
118.600,0.4414
118.650,0.4721
118.700,0.4990
118.750,0.5231
118.800,0.5439
118.850,0.5605
118.900,0.5724
118.950,0.5796
119.000,0.5818
119.050,0.5789
119.100,0.5709
119.150,0.5584
119.200,0.5411
119.250,0.5198
119.300,0.4953
119.350,0.4680
119.400,0.4375
119.450,0.4080
119.500,0.3788
119.550,0.3509
119.600,0.3231
119.650,0.3003
119.700,0.2815
119.750,0.2650
119.800,0.2555
119.850,0.2513
119.900,0.2522
119.950,0.2585
120.000,0.2722
120.050,0.2881
120.100,0.3087
120.150,0.3326
120.200,0.3616
120.250,0.3900
120.300,0.4188
120.350,0.4483
120.400,0.4785
120.450,0.5047
120.500,0.5280
120.550,0.5475
120.600,0.5629
120.650,0.5739
120.700,0.5798
120.750,0.5808
120.800,0.5767
120.850,0.5675
120.900,0.5539
120.950,0.5356
121.000,0.5137
121.050,0.4884
121.100,0.4611
121.150,0.4302
121.200,0.4013
121.250,0.3723
121.300,0.3451
121.350,0.3179
121.400,0.2961
121.450,0.2784
121.500,0.2631
121.550,0.2548
121.600,0.2519
121.650,0.2543
121.700,0.2617
121.750,0.2763
121.800,0.2934
121.850,0.3148
121.900,0.3395
121.950,0.3687
122.000,0.3972
122.050,0.4261
122.100,0.4571
122.150,0.4847
122.200,0.5100
122.250,0.5325
122.300,0.5512
122.350,0.5654
122.400,0.5750
122.450,0.5798
122.500,0.5795
122.550,0.5743
122.600,0.5641
122.650,0.5491
122.700,0.5303
122.750,0.5076
122.800,0.4820
122.850,0.4544
122.900,0.4233
122.950,0.3947
123.000,0.3661
123.050,0.3392
123.100,0.3129
123.150,0.2922
123.200,0.2754
123.250,0.2635
123.300,0.2546
123.350,0.2530
123.400,0.2565
123.450,0.2671
123.500,0.2808
123.550,0.2989
123.600,0.3210
123.650,0.3484
123.700,0.3759
123.750,0.4042
123.800,0.4332
123.850,0.4637
123.900,0.4909
123.950,0.5154
124.000,0.5368
124.050,0.5545
124.100,0.5677
124.150,0.5759
124.200,0.5795
124.250,0.5781
124.300,0.5716
124.350,0.5602
124.400,0.5445
124.450,0.5246
124.500,0.5011
124.550,0.4750
124.600,0.4450
124.650,0.4161
124.700,0.3873
124.750,0.3596
124.800,0.3312
124.850,0.3079
124.900,0.2880
124.950,0.2726
125.000,0.2598
125.050,0.2542
125.100,0.2536
125.150,0.2585
125.200,0.2686
125.250,0.2852
125.300,0.3044
125.350,0.3271
125.400,0.3549
125.450,0.3829
125.500,0.4111
125.550,0.4402
125.600,0.4702
125.650,0.4969
125.700,0.5205
125.750,0.5409
125.800,0.5576
125.850,0.5694
125.900,0.5766
125.950,0.5791
126.000,0.5763
126.050,0.5687
126.100,0.5563
126.150,0.5395
126.200,0.5188
126.250,0.4949
126.300,0.4681
126.350,0.4381
126.400,0.4092
126.450,0.3809
126.500,0.3533
126.550,0.3262
126.600,0.3032
126.650,0.2847
126.700,0.2704
126.750,0.2589
126.800,0.2544
126.850,0.2555
126.900,0.2614
126.950,0.2744
127.000,0.2903
127.050,0.3100
127.100,0.3336
127.150,0.3620
127.200,0.3898
127.250,0.4185
127.300,0.4469
127.350,0.4768
127.400,0.5026
127.450,0.5254
127.500,0.5448
127.550,0.5602
127.600,0.5710
127.650,0.5770
127.700,0.5781
127.750,0.5743
127.800,0.5655
127.850,0.5520
127.900,0.5344
127.950,0.5128
128.000,0.4882
128.050,0.4614
128.100,0.4309
128.150,0.4023
128.200,0.3742
128.250,0.3473
128.300,0.3205
128.350,0.2989
128.400,0.2811
128.450,0.2662
128.500,0.2582
128.550,0.2549
128.600,0.2572
128.650,0.2645
128.700,0.2784
128.750,0.2953
128.800,0.3160
128.850,0.3403
128.900,0.3689
128.950,0.3967
129.000,0.4253
129.050,0.4538
129.100,0.4828
129.150,0.5080
129.200,0.5301
129.250,0.5484
129.300,0.5625
129.350,0.5721
129.400,0.5769
129.450,0.5767
129.500,0.5717
129.550,0.5619
129.600,0.5472
129.650,0.5286
129.700,0.5062
129.750,0.4812
129.800,0.4523
129.850,0.4236
129.900,0.3952
129.950,0.3673
130.000,0.3391
130.050,0.3151
130.100,0.2946
130.150,0.2782
130.200,0.2643
130.250,0.2573
130.300,0.2557
130.350,0.2590
130.400,0.2697
130.450,0.2830
130.500,0.3006
130.550,0.3223
130.600,0.3490
130.650,0.3761
130.700,0.4039
130.750,0.4326
130.800,0.4604
130.850,0.4890
130.900,0.5131
130.950,0.5344
131.000,0.5517
131.050,0.5648
131.100,0.5730
131.150,0.5766
131.200,0.5752
131.250,0.5690
131.300,0.5581
131.350,0.5426
131.400,0.5232
131.450,0.5002
131.500,0.4746
131.550,0.4473
131.600,0.4166
131.650,0.3886
131.700,0.3613
131.750,0.3334
131.800,0.3105
131.850,0.2909
131.900,0.2756
131.950,0.2631
132.000,0.2575
132.050,0.2571
132.100,0.2616
132.150,0.2733
132.200,0.2876
132.250,0.3063
132.300,0.3289
132.350,0.3560
132.400,0.3831
132.450,0.4111
132.500,0.4394
132.550,0.4690
132.600,0.4950
132.650,0.5185
132.700,0.5385
132.750,0.5547
132.800,0.5665
132.850,0.5737
132.900,0.5759
132.950,0.5734
133.000,0.5659
133.050,0.5540
133.100,0.5376
133.150,0.5172
133.200,0.4935
133.250,0.4676
133.300,0.4381
133.350,0.4093
133.400,0.3818
133.450,0.3545
133.500,0.3277
133.550,0.3056
133.600,0.2870
133.650,0.2733
133.700,0.2618
133.750,0.2575
133.800,0.2583
133.850,0.2642
133.900,0.2768
133.950,0.2922
134.000,0.3119
134.050,0.3350
134.100,0.3627
134.150,0.3900
134.200,0.4180
134.250,0.4461
134.300,0.4754
134.350,0.5004
134.400,0.5232
134.450,0.5424
134.500,0.5575
134.550,0.5681
134.600,0.5741
134.650,0.5751
134.700,0.5713
134.750,0.5627
134.800,0.5494
134.850,0.5321
134.900,0.5110
134.950,0.4869
135.000,0.4586
135.050,0.4307
135.100,0.4024
135.150,0.3751
135.200,0.3464
135.250,0.3224
135.300,0.3010
135.350,0.2839
135.400,0.2690
135.450,0.2610
135.500,0.2578
135.550,0.2599
135.600,0.2690
135.650,0.2810
135.700,0.2974
135.750,0.3179
135.800,0.3435
135.850,0.3696
135.900,0.3970
135.950,0.4252
136.000,0.4528
136.050,0.4816
136.100,0.5061
136.150,0.5278
136.200,0.5458
136.250,0.5597
136.300,0.5692
136.350,0.5741
136.400,0.5740
136.450,0.5690
136.500,0.5591
136.550,0.5451
136.600,0.5268
136.650,0.5052
136.700,0.4803
136.750,0.4515
136.800,0.4240
136.850,0.3957
136.900,0.3687
136.950,0.3407
137.000,0.3174
137.050,0.2972
137.100,0.2809
137.150,0.2695
137.200,0.2627
137.250,0.2588
137.300,0.2620
137.350,0.2724
137.400,0.2854
137.450,0.3029
137.500,0.3241
137.550,0.3502
137.600,0.3768
137.650,0.4041
137.700,0.4320
137.750,0.4616
137.800,0.4876
137.850,0.5116
137.900,0.5322
137.950,0.5491
138.000,0.5618
138.050,0.5702
138.100,0.5738
138.150,0.5723
138.200,0.5661
138.250,0.5554
138.300,0.5403
138.350,0.5212
138.400,0.4987
138.450,0.4736
138.500,0.4447
138.550,0.4167
138.600,0.3892
138.650,0.3623
138.700,0.3350
138.750,0.3125
138.800,0.2933
138.850,0.2783
138.900,0.2656
138.950,0.2625
139.000,0.2619
139.050,0.2665
139.100,0.2758
139.150,0.2899
139.200,0.3083
139.250,0.3302
139.300,0.3570
139.350,0.3838
139.400,0.4111
139.450,0.4391
139.500,0.4682
139.550,0.4937
139.600,0.5164
139.650,0.5363
139.700,0.5521
139.750,0.5639
139.800,0.5710
139.850,0.5730
139.900,0.5706
139.950,0.5632
140.000,0.5514
140.050,0.5352
140.100,0.5153
140.150,0.4923
140.200,0.4667
140.250,0.4378
140.300,0.4095
140.350,0.3826
140.400,0.3561
140.450,0.3295
140.500,0.3075
140.550,0.2897
140.600,0.2759
140.650,0.2667
140.700,0.2604
140.750,0.2613
140.800,0.2690
140.850,0.2796
140.900,0.2948
140.950,0.3140
141.000,0.3366
141.050,0.3637
141.100,0.3905
141.150,0.4181
141.200,0.4458
141.250,0.4746
141.300,0.4992
141.350,0.5215
141.400,0.5401
141.450,0.5549
141.500,0.5653
141.550,0.5714
141.600,0.5722
141.650,0.5686
141.700,0.5601
141.750,0.5472
141.800,0.5302
141.850,0.5095
141.900,0.4858
141.950,0.4597
142.000,0.4305
142.050,0.4028
142.100,0.3759
142.150,0.3497
142.200,0.3239
142.250,0.3034
142.300,0.2863
142.350,0.2717
142.400,0.2660
142.450,0.2609
142.500,0.2631
142.550,0.2698
142.600,0.2835
142.650,0.2998
142.700,0.3200
142.750,0.3452
142.800,0.3708
142.850,0.3977
142.900,0.4254
142.950,0.4525
143.000,0.4806
143.050,0.5049
143.100,0.5260
143.150,0.5438
143.200,0.5575
143.250,0.5666
143.300,0.5714
143.350,0.5712
143.400,0.5660
143.450,0.5565
143.500,0.5427
143.550,0.5247
143.600,0.5035
143.650,0.4792
143.700,0.4530
143.750,0.4238
143.800,0.3962
143.850,0.3695
143.900,0.3442
143.950,0.3191
144.000,0.2996
144.050,0.2835
144.100,0.2719
144.150,0.2654
144.200,0.2636
144.250,0.2670
144.300,0.2752
144.350,0.2882
144.400,0.3053
144.450,0.3261
144.500,0.3519
144.550,0.3776
144.600,0.4048
144.650,0.4320
144.700,0.4611
144.750,0.4866
144.800,0.5099
144.850,0.5303
144.900,0.5471
144.950,0.5594
145.000,0.5677
145.050,0.5711
145.100,0.5695
145.150,0.5635
145.200,0.5528
145.250,0.5379
145.300,0.5192
145.350,0.4971
145.400,0.4724
145.450,0.4440
145.500,0.4164
145.550,0.3895
145.600,0.3631
145.650,0.3363
145.700,0.3141
145.750,0.2954
145.800,0.2806
145.850,0.2685
145.900,0.2653
145.950,0.2627
146.000,0.2692
146.050,0.2784
146.100,0.2924
146.150,0.3106
146.200,0.3321
146.250,0.3584
146.300,0.3847
146.350,0.4115
146.400,0.4389
146.450,0.4675
146.500,0.4925
146.550,0.5151
146.600,0.5343
146.650,0.5500
146.700,0.5614
146.750,0.5682
146.800,0.5704
146.850,0.5680
146.900,0.5606
146.950,0.5488
147.000,0.5331
147.050,0.5134
147.100,0.4906
147.150,0.4655
147.200,0.4371
147.250,0.4095
147.300,0.3829
147.350,0.3568
147.400,0.3305
147.450,0.3094
147.500,0.2918
147.550,0.2762
147.600,0.2673
147.650,0.2633
147.700,0.2641
147.750,0.2698
147.800,0.2822
147.850,0.2971
147.900,0.3162
147.950,0.3404
148.000,0.3653
148.050,0.3915
148.100,0.4185
148.150,0.4456
148.200,0.4739
148.250,0.4982
148.300,0.5199
148.350,0.5381
148.400,0.5527
148.450,0.5629
148.500,0.5686
148.550,0.5694
148.600,0.5658
148.650,0.5575
148.700,0.5449
148.750,0.5280
148.800,0.5076
148.850,0.4844
148.900,0.4588
148.950,0.4302
149.000,0.4029
149.050,0.3765
149.100,0.3510
149.150,0.3258
149.200,0.3054
149.250,0.2888
149.300,0.2764
149.350,0.2685
149.400,0.2657
149.450,0.2658
149.500,0.2748
149.550,0.2865
149.600,0.3025
149.650,0.3222
149.700,0.3469
149.750,0.3723
149.800,0.3986
149.850,0.4255
149.900,0.4544
149.950,0.4799
150.000,0.5037
150.050,0.5244
150.100,0.5417
150.150,0.5551
150.200,0.5644
150.250,0.5686
150.300,0.5686
150.350,0.5636
150.400,0.5543
150.450,0.5403
150.500,0.5227
150.550,0.5017
150.600,0.4774
150.650,0.4498
150.700,0.4231
150.750,0.3962
150.800,0.3697
150.850,0.3429
150.900,0.3205
150.950,0.3011
151.000,0.2857
151.050,0.2745
151.100,0.2659
151.150,0.2645
151.200,0.2678
151.250,0.2777
151.300,0.2906
151.350,0.3075
151.400,0.3280
151.450,0.3534
151.500,0.3790
151.550,0.4053
151.600,0.4323
151.650,0.4587
151.700,0.4858
151.750,0.5087
151.800,0.5287
151.850,0.5450
151.900,0.5574
151.950,0.5651
152.000,0.5685
152.050,0.5671
152.100,0.5611
152.150,0.5505
152.200,0.5357
152.250,0.5170
152.300,0.4950
152.350,0.4710
152.400,0.4431
152.450,0.4162
152.500,0.3897
152.550,0.3636
152.600,0.3372
152.650,0.3158
152.700,0.2973
152.750,0.2829
152.800,0.2731
152.850,0.2656
152.900,0.2655
152.950,0.2720
153.000,0.2812
153.050,0.2952
153.100,0.3130
153.150,0.3340
153.200,0.3600
153.250,0.3861
153.300,0.4121
153.350,0.4393
153.400,0.4672
153.450,0.4918
153.500,0.5139
153.550,0.5331
153.600,0.5482
153.650,0.5591
153.700,0.5658
153.750,0.5680
153.800,0.5654
153.850,0.5582
153.900,0.5466
153.950,0.5311
154.000,0.5115
154.050,0.4892
154.100,0.4646
154.150,0.4364
154.200,0.4095
154.250,0.3833
154.300,0.3574
154.350,0.3343
154.400,0.3111
154.450,0.2938
154.500,0.2808
154.550,0.2720
154.600,0.2659
154.650,0.2689
154.700,0.2749
154.750,0.2853
154.800,0.3002
154.850,0.3188
154.900,0.3427
154.950,0.3672
155.000,0.3931
155.050,0.4194
155.100,0.4460
155.150,0.4737
155.200,0.4977
155.250,0.5189
155.300,0.5367
155.350,0.5509
155.400,0.5609
155.450,0.5662
155.500,0.5670
155.550,0.5632
155.600,0.5549
155.650,0.5423
155.700,0.5259
155.750,0.5057
155.800,0.4828
155.850,0.4578
155.900,0.4293
155.950,0.4024
156.000,0.3765
156.050,0.3516
156.100,0.3265
156.150,0.3070
156.200,0.2905
156.250,0.2784
156.300,0.2711
156.350,0.2685
156.400,0.2706
156.450,0.2776
156.500,0.2892
156.550,0.3049
156.600,0.3246
156.650,0.3488
156.700,0.3735
156.750,0.3996
156.800,0.4261
156.850,0.4523
156.900,0.4794
156.950,0.5029
157.000,0.5231
157.050,0.5402
157.100,0.5532
157.150,0.5620
157.200,0.5661
157.250,0.5657
157.300,0.5610
157.350,0.5514
157.400,0.5377
157.450,0.5202
157.500,0.4993
157.550,0.4762
157.600,0.4486
157.650,0.4220
157.700,0.3957
157.750,0.3698
157.800,0.3436
157.850,0.3216
157.900,0.3028
157.950,0.2876
158.000,0.2768
158.050,0.2706
158.100,0.2693
158.150,0.2728
158.200,0.2807
158.250,0.2935
158.300,0.3101
158.350,0.3303
158.400,0.3555
158.450,0.3804
158.500,0.4065
158.550,0.4331
158.600,0.4608
158.650,0.4854
158.700,0.5080
158.750,0.5272
158.800,0.5433
158.850,0.5551
158.900,0.5627
158.950,0.5658
159.000,0.5644
159.050,0.5581
159.100,0.5478
159.150,0.5331
159.200,0.5148
159.250,0.4933
159.300,0.4696
159.350,0.4440
159.400,0.4155
159.450,0.3895
159.500,0.3639
159.550,0.3402
159.600,0.3170
159.650,0.2992
159.700,0.2853
159.750,0.2756
159.800,0.2707
159.850,0.2705
159.900,0.2752
159.950,0.2844
160.000,0.2981
160.050,0.3158
160.100,0.3366
160.150,0.3624
160.200,0.3874
160.250,0.4135
160.300,0.4398
160.350,0.4675
160.400,0.4913
160.450,0.5129
160.500,0.5314
160.550,0.5463
160.600,0.5571
160.650,0.5634
160.700,0.5653
160.750,0.5623
160.800,0.5552
160.850,0.5437
160.900,0.5279
160.950,0.5089
161.000,0.4869
161.050,0.4626
161.100,0.4350
161.150,0.4088
161.200,0.3826
161.250,0.3576
161.300,0.3329
161.350,0.3125
161.400,0.2955
161.450,0.2829
161.500,0.2744
161.550,0.2688
161.600,0.2718
161.650,0.2774
161.700,0.2880
161.750,0.3027
161.800,0.3212
161.850,0.3447
161.900,0.3687
161.950,0.3941
162.000,0.4201
162.050,0.4463
162.100,0.4732
162.150,0.4967
162.200,0.5174
162.250,0.5350
162.300,0.5487
162.350,0.5583
162.400,0.5636
162.450,0.5643
162.500,0.5601
162.550,0.5520
162.600,0.5392
162.650,0.5230
162.700,0.5029
162.750,0.4803
162.800,0.4537
162.850,0.4275
162.900,0.4019
162.950,0.3762
163.000,0.3517
163.050,0.3272
163.100,0.3082
163.150,0.2924
163.200,0.2808
163.250,0.2737
163.300,0.2691
163.350,0.2735
163.400,0.2807
163.450,0.2921
163.500,0.3081
163.550,0.3270
163.600,0.3514
163.650,0.3760
163.700,0.4012
163.750,0.4271
163.800,0.4548
163.850,0.4794
163.900,0.5022
163.950,0.5222
164.000,0.5385
164.050,0.5512
164.100,0.5596
164.150,0.5635
164.200,0.5629
164.250,0.5581
164.300,0.5486
164.350,0.5349
164.400,0.5175
164.450,0.4969
164.500,0.4739
164.550,0.4468
164.600,0.4210
164.650,0.3950
164.700,0.3700
164.750,0.3460
164.800,0.3225
164.850,0.3040
164.900,0.2895
164.950,0.2791
165.000,0.2732
165.050,0.2720
165.100,0.2756
165.150,0.2838
165.200,0.2964
165.250,0.3130
165.300,0.3330
165.350,0.3578
165.400,0.3827
165.450,0.4079
165.500,0.4341
165.550,0.4615
165.600,0.4856
165.650,0.5074
165.700,0.5264
165.750,0.5418
165.800,0.5533
165.850,0.5606
165.900,0.5632
165.950,0.5616
166.000,0.5554
166.050,0.5448
166.100,0.5303
166.150,0.5122
166.200,0.4910
166.250,0.4676
166.300,0.4401
166.350,0.4141
166.400,0.3884
166.450,0.3634
166.500,0.3384
166.550,0.3178
166.600,0.3004
166.650,0.2867
166.700,0.2775
166.750,0.2733
166.800,0.2734
166.850,0.2778
166.900,0.2874
166.950,0.3010
167.000,0.3186
167.050,0.3411
167.100,0.3644
167.150,0.3897
167.200,0.4149
167.250,0.4407
167.300,0.4677
167.350,0.4911
167.400,0.5124
167.450,0.5302
167.500,0.5446
167.550,0.5550
167.600,0.5612
167.650,0.5625
167.700,0.5598
167.750,0.5523
167.800,0.5409
167.850,0.5254
167.900,0.5061
167.950,0.4846
168.000,0.4585
168.050,0.4331
168.100,0.4070
168.150,0.3820
168.200,0.3574
168.250,0.3330
168.300,0.3132
168.350,0.2969
168.400,0.2843
168.450,0.2765
168.500,0.2733
168.550,0.2744
168.600,0.2805
168.650,0.2909
168.700,0.3057
168.750,0.3241
168.800,0.3471
168.850,0.3710
168.900,0.3960
168.950,0.4216
169.000,0.4472
169.050,0.4737
169.100,0.4968
169.150,0.5169
169.200,0.5340
169.250,0.5472
169.300,0.5564
169.350,0.5614
169.400,0.5617
169.450,0.5577
169.500,0.5493
169.550,0.5368
169.600,0.5204
169.650,0.5008
169.700,0.4783
169.750,0.4543
169.800,0.4265
169.850,0.4010
169.900,0.3760
169.950,0.3519
170.000,0.3282
170.050,0.3094
170.100,0.2940
170.150,0.2829
170.200,0.2763
170.250,0.2740
170.300,0.2766
170.350,0.2836
170.400,0.2954
170.450,0.3110
170.500,0.3300
170.550,0.3538
170.600,0.3780
170.650,0.4027
170.700,0.4286
170.750,0.4558
170.800,0.4801
170.850,0.5022
170.900,0.5214
170.950,0.5373
171.000,0.5495
171.050,0.5577
171.100,0.5613
171.150,0.5605
171.200,0.5554
171.250,0.5457
171.300,0.5322
171.350,0.5151
171.400,0.4946
171.450,0.4718
171.500,0.4474
171.550,0.4196
171.600,0.3943
171.650,0.3695
171.700,0.3441
171.750,0.3232
171.800,0.3052
171.850,0.2912
171.900,0.2811
171.950,0.2756
172.000,0.2746
172.050,0.2783
172.100,0.2867
172.150,0.2993
172.200,0.3159
172.250,0.3377
172.300,0.3600
172.350,0.3844
172.400,0.4094
172.450,0.4352
172.500,0.4619
172.550,0.4853
172.600,0.5069
172.650,0.5253
172.700,0.5404
172.750,0.5514
172.800,0.5582
172.850,0.5610
172.900,0.5589
172.950,0.5525
173.000,0.5417
173.050,0.5274
173.100,0.5092
173.150,0.4881
173.200,0.4648
173.250,0.4382
173.300,0.4125
173.350,0.3876
173.400,0.3631
173.450,0.3387
173.500,0.3183
173.550,0.3014
173.600,0.2886
173.650,0.2798
173.700,0.2733
173.750,0.2756
173.800,0.2807
173.850,0.2903
173.900,0.3038
173.950,0.3212
174.000,0.3439
174.050,0.3667
174.100,0.3911
174.150,0.4163
174.200,0.4419
174.250,0.4684
174.300,0.4913
174.350,0.5119
174.400,0.5293
174.450,0.5434
174.500,0.5531
174.550,0.5588
174.600,0.5601
174.650,0.5572
174.700,0.5496
174.750,0.5380
174.800,0.5226
174.850,0.5039
174.900,0.4823
174.950,0.4586
175.000,0.4317
175.050,0.4062
175.100,0.3813
175.150,0.3576
175.200,0.3335
175.250,0.3142
175.300,0.2983
175.350,0.2865
175.400,0.2790
175.450,0.2759
175.500,0.2773
175.550,0.2836
175.600,0.2940
175.650,0.3088
175.700,0.3269
175.750,0.3502
175.800,0.3736
175.850,0.3981
175.900,0.4231
175.950,0.4503
176.000,0.4746
176.050,0.4969
176.100,0.5164
176.150,0.5330
176.200,0.5456
176.250,0.5546
176.300,0.5590
176.350,0.5591
176.400,0.5550
176.450,0.5463
176.500,0.5339
176.550,0.5174
176.600,0.4981
176.650,0.4761
176.700,0.4519
176.750,0.4249
176.800,0.3998
176.850,0.3750
176.900,0.3515
176.950,0.3306
177.000,0.3106
177.050,0.2955
177.100,0.2848
177.150,0.2785
177.200,0.2767
177.250,0.2794
177.300,0.2867
177.350,0.2983
177.400,0.3137
177.450,0.3327
177.500,0.3564
177.550,0.3799
177.600,0.4045
177.650,0.4297
177.700,0.4566
177.750,0.4800
177.800,0.5019
177.850,0.5205
177.900,0.5363
177.950,0.5479
178.000,0.5556
178.050,0.5589
178.100,0.5580
178.150,0.5524
178.200,0.5427
178.250,0.5293
178.300,0.5120
178.350,0.4919
178.400,0.4691
178.450,0.4430
178.500,0.4179
178.550,0.3929
178.600,0.3686
178.650,0.3458
178.700,0.3233
178.750,0.3061
178.800,0.2926
178.850,0.2830
178.900,0.2778
178.950,0.2770
179.000,0.2813
179.050,0.2896
179.100,0.3024
179.150,0.3188
179.200,0.3405
179.250,0.3626
179.300,0.3866
179.350,0.4113
179.400,0.4364
179.450,0.4626
179.500,0.4858
179.550,0.5067
179.600,0.5247
179.650,0.5392
179.700,0.5499
179.750,0.5564
179.800,0.5586
179.850,0.5563
179.900,0.5497
179.950,0.5390
180.000,0.5245
180.050,0.5066
180.100,0.4857
180.150,0.4629
180.200,0.4365
180.250,0.4112
180.300,0.3865
180.350,0.3627
180.400,0.3405
180.450,0.3190
180.500,0.3028
180.550,0.2900
180.600,0.2816
180.650,0.2778
180.700,0.2786
180.750,0.2836
180.800,0.2930
180.850,0.3069
180.900,0.3243
180.950,0.3465
181.000,0.3693
181.050,0.3935
181.100,0.4180
181.150,0.4427
181.200,0.4690
181.250,0.4913
181.300,0.5115
181.350,0.5285
181.400,0.5418
181.450,0.5514
181.500,0.5567
181.550,0.5579
181.600,0.5544
181.650,0.5468
181.700,0.5351
181.750,0.5198
181.800,0.5010
181.850,0.4795
181.900,0.4563
181.950,0.4298
182.000,0.4044
182.050,0.3803
182.100,0.3568
182.150,0.3355
182.200,0.3149
182.250,0.2997
182.300,0.2880
182.350,0.2807
182.400,0.2781
182.450,0.2801
182.500,0.2864
182.550,0.2971
182.600,0.3117
182.650,0.3296
182.700,0.3526
182.750,0.3760
182.800,0.4002
182.850,0.4249
182.900,0.4493
182.950,0.4752
183.000,0.4967
183.050,0.5160
183.100,0.5320
183.150,0.5443
183.200,0.5527
183.250,0.5570
183.300,0.5566
183.350,0.5521
183.400,0.5434
183.450,0.5308
183.500,0.5144
183.550,0.4948
183.600,0.4730
183.650,0.4471
183.700,0.4227
183.750,0.3979
183.800,0.3737
183.850,0.3510
183.900,0.3285
183.950,0.3107
184.000,0.2962
184.050,0.2861
184.100,0.2800
184.150,0.2788
184.200,0.2820
184.250,0.2891
184.300,0.3009
184.350,0.3165
184.400,0.3353
184.450,0.3586
184.500,0.3825
184.550,0.4064
184.600,0.4313
184.650,0.4557
184.700,0.4805
184.750,0.5017
184.800,0.5198
184.850,0.5351
184.900,0.5466
184.950,0.5538
185.000,0.5566
185.050,0.5551
185.100,0.5495
185.150,0.5398
185.200,0.5260
185.250,0.5090
185.300,0.4889
185.350,0.4665
185.400,0.4403
185.450,0.4158
185.500,0.3913
185.550,0.3677
185.600,0.3434
185.650,0.3237
185.700,0.3067
185.750,0.2936
185.800,0.2847
185.850,0.2800
185.900,0.2798
185.950,0.2840
186.000,0.2927
186.050,0.3053
186.100,0.3219
186.150,0.3434
186.200,0.3653
186.250,0.3894
186.300,0.4132
186.350,0.4381
186.400,0.4640
186.450,0.4867
186.500,0.5067
186.550,0.5242
186.600,0.5380
186.650,0.5483
186.700,0.5545
186.750,0.5562
186.800,0.5537
186.850,0.5471
186.900,0.5362
186.950,0.5217
187.000,0.5037
187.050,0.4831
187.100,0.4603
187.150,0.4341
187.200,0.4092
187.250,0.3853
187.300,0.3620
187.350,0.3405
187.400,0.3195
187.450,0.3036
187.500,0.2918
187.550,0.2839
187.600,0.2802
187.650,0.2811
187.700,0.2866
187.750,0.2963
187.800,0.3101
187.850,0.3274
187.900,0.3496
187.950,0.3720
188.000,0.3957
188.050,0.4201
188.100,0.4466
188.150,0.4700
188.200,0.4921
188.250,0.5116
188.300,0.5280
188.350,0.5408
188.400,0.5499
188.450,0.5549
188.500,0.5555
188.550,0.5519
188.600,0.5441
188.650,0.5321
188.700,0.5167
188.750,0.4982
188.800,0.4767
188.850,0.4537
188.900,0.4273
188.950,0.4027
189.000,0.3791
189.050,0.3563
189.100,0.3332
189.150,0.3152
189.200,0.3002
189.250,0.2896
189.300,0.2830
189.350,0.2803
189.400,0.2828
189.450,0.2893
189.500,0.3002
189.550,0.3148
189.600,0.3327
189.650,0.3556
189.700,0.3786
189.750,0.4021
189.800,0.4264
189.850,0.4530
189.900,0.4758
189.950,0.4972
190.000,0.5159
190.050,0.5313
190.100,0.5433
190.150,0.5511
190.200,0.5549
190.250,0.5545
190.300,0.5495
190.350,0.5407
190.400,0.5279
190.450,0.5114
190.500,0.4919
190.550,0.4683
190.600,0.4451
190.650,0.4206
190.700,0.3965
190.750,0.3727
190.800,0.3484
190.850,0.3287
190.900,0.3110
190.950,0.2974
191.000,0.2878
191.050,0.2823
191.100,0.2813
191.150,0.2847
191.200,0.2925
191.250,0.3043
191.300,0.3197
191.350,0.3405
191.400,0.3619
191.450,0.3851
191.500,0.4088
191.550,0.4333
191.600,0.4592
191.650,0.4817
191.700,0.5022
191.750,0.5200
191.800,0.5344
191.850,0.5452
191.900,0.5520
191.950,0.5548
192.000,0.5530
192.050,0.5471
192.100,0.5372
192.150,0.5234
192.200,0.5064
192.250,0.4865
192.300,0.4644
192.350,0.4387
192.400,0.4142
192.450,0.3908
192.500,0.3670
192.550,0.3455
192.600,0.3240
192.650,0.3078
192.700,0.2953
192.750,0.2866
192.800,0.2822
192.850,0.2825
192.900,0.2871
192.950,0.2960
193.000,0.3088
193.050,0.3252
193.100,0.3465
193.150,0.3684
193.200,0.3918
193.250,0.4156
193.300,0.4400
193.350,0.4655
193.400,0.4874
193.450,0.5073
193.500,0.5240
193.550,0.5375
193.600,0.5471
193.650,0.5528
193.700,0.5543
193.750,0.5513
193.800,0.5444
193.850,0.5335
193.900,0.5188
193.950,0.5009
194.000,0.4803
194.050,0.4580
194.100,0.4322
194.150,0.4077
194.200,0.3839
194.250,0.3612
194.300,0.3380
194.350,0.3197
194.400,0.3043
194.450,0.2932
194.500,0.2856
194.550,0.2800
194.600,0.2813
194.650,0.2893
194.700,0.2992
194.750,0.3127
194.800,0.3304
194.850,0.3500
194.900,0.3746
194.950,0.3981
195.000,0.4220
195.050,0.4483
195.100,0.4712
195.150,0.4928
195.200,0.5114
195.250,0.5273
195.300,0.5400
195.350,0.5485
195.400,0.5530
195.450,0.5533
195.500,0.5493
195.550,0.5413
195.600,0.5294
195.650,0.5136
195.700,0.4950
195.750,0.4716
195.800,0.4487
195.850,0.4249
195.900,0.4015
195.950,0.3772
196.000,0.3551
196.050,0.3330
196.100,0.3161
196.150,0.3008
196.200,0.2915
196.250,0.2850
196.300,0.2827
196.350,0.2858
196.400,0.2922
196.450,0.3036
196.500,0.3208
196.550,0.3362
196.600,0.3588
196.650,0.3815
196.700,0.4045
196.750,0.4287
196.800,0.4519
196.850,0.4769
196.900,0.4978
196.950,0.5161
197.000,0.5308
197.050,0.5423
197.100,0.5496
197.150,0.5530
197.200,0.5521
197.250,0.5471
197.300,0.5379
197.350,0.5251
197.400,0.5088
197.450,0.4894
197.500,0.4679
197.550,0.4453
197.600,0.4188
197.650,0.3976
197.700,0.3716
197.750,0.3497
197.800,0.3309
197.850,0.3121
197.900,0.2988
197.950,0.2896
198.000,0.2845
198.050,0.2839
198.100,0.2871
198.150,0.2955
198.200,0.3078
198.250,0.3234
198.300,0.3415
198.350,0.3650
198.400,0.3879
198.450,0.4107
198.500,0.4352
198.550,0.4605
198.600,0.4829
198.650,0.5028
198.700,0.5201
198.750,0.5339
198.800,0.5442
198.850,0.5505
198.900,0.5525
198.950,0.5506
199.000,0.5444
199.050,0.5343
199.100,0.5206
199.150,0.5035
199.200,0.4833
199.250,0.4590
199.300,0.4361
199.350,0.4122
199.400,0.3886
199.450,0.3655
199.500,0.3418
199.550,0.3236
199.600,0.3085
199.650,0.2957
199.700,0.2855
199.750,0.2841
199.800,0.2849
199.850,0.2895
199.900,0.2987
199.950,0.3112
200.000,0.3281
200.050,0.3495
200.100,0.3681
200.150,0.3910
200.200,0.4179
200.250,0.4412
200.300,0.4666
200.350,0.4879
200.400,0.5069
200.450,0.5232
200.500,0.5367
200.550,0.5454
200.600,0.5509
200.650,0.5515
200.700,0.5486
200.750,0.5415
200.800,0.5302
200.850,0.5153
200.900,0.4973
200.950,0.4773
201.000,0.4523
201.050,0.4287
201.100,0.4053
201.150,0.3815
201.200,0.3596
201.250,0.3373
201.300,0.3193
201.350,0.3046
201.400,0.2937
201.450,0.2869
201.500,0.2846
201.550,0.2863
201.600,0.2926
201.650,0.3025
201.700,0.3163
201.750,0.3336
201.800,0.3556
201.850,0.3774
201.900,0.4005
201.950,0.4244
202.000,0.4501
202.050,0.4726
202.100,0.4935
202.150,0.5118
202.200,0.5270
202.250,0.5391
202.300,0.5472
202.350,0.5511
202.400,0.5511
202.450,0.5467
202.500,0.5382
202.550,0.5263
202.600,0.5107
202.650,0.4922
202.700,0.4712
202.750,0.4487
202.800,0.4232
202.850,0.3996
202.900,0.3766
202.950,0.3545
203.000,0.3350
203.050,0.3181
203.100,0.3022
203.150,0.2928
203.200,0.2867
203.250,0.2855
203.300,0.2883
203.350,0.2956
203.400,0.3067
203.450,0.3235
203.500,0.3414
203.550,0.3621
203.600,0.3842
203.650,0.4075
203.700,0.4332
203.750,0.4566
203.800,0.4786
203.850,0.4986
203.900,0.5161
203.950,0.5305
204.000,0.5412
204.050,0.5481
204.100,0.5511
204.150,0.5497
204.200,0.5443
204.250,0.5350
204.300,0.5220
204.350,0.5057
204.400,0.4863
204.450,0.4648
204.500,0.4424
204.550,0.4166
204.600,0.3932
204.650,0.3704
204.700,0.3492
204.750,0.3281
204.800,0.3122
204.850,0.2994
204.900,0.2908
204.950,0.2864
205.000,0.2861
205.050,0.2900
205.100,0.2984
205.150,0.3105
205.200,0.3261
205.250,0.3468
205.300,0.3678
205.350,0.3901
205.400,0.4136
205.450,0.4372
205.500,0.4602
205.550,0.4835
205.600,0.5030
205.650,0.5197
205.700,0.5331
205.750,0.5430
205.800,0.5486
205.850,0.5505
205.900,0.5480
205.950,0.5414
206.000,0.5309
206.050,0.5170
206.100,0.4997
206.150,0.4800
206.200,0.4559
206.250,0.4333
206.300,0.4097
206.350,0.3865
206.400,0.3641
206.450,0.3416
206.500,0.3233
206.550,0.3083
206.600,0.2968
206.650,0.2894
206.700,0.2862
206.750,0.2872
206.800,0.2922
206.850,0.3016
206.900,0.3150
206.950,0.3314
207.000,0.3529
207.050,0.3741
207.100,0.3971
207.150,0.4203
207.200,0.4436
207.250,0.4683
207.300,0.4892
207.350,0.5078
207.400,0.5234
207.450,0.5359
207.500,0.5446
207.550,0.5490
207.600,0.5497
207.650,0.5462
207.700,0.5385
207.750,0.5273
207.800,0.5126
207.850,0.4946
207.900,0.4743
207.950,0.4523
208.000,0.4293
208.050,0.4035
208.100,0.3810
208.150,0.3589
208.200,0.3392
208.250,0.3219
208.300,0.3062
208.350,0.2954
208.400,0.2890
208.450,0.2867
208.500,0.2892
208.550,0.2955
208.600,0.3059
208.650,0.3197
208.700,0.3391
208.750,0.3590
208.800,0.3808
208.850,0.4035
208.900,0.4268
208.950,0.4519
209.000,0.4742
209.050,0.4943
209.100,0.5123
209.150,0.5268
209.200,0.5381
209.250,0.5456
209.300,0.5492
209.350,0.5487
209.400,0.5440
209.450,0.5353
209.500,0.5232
209.550,0.5074
209.600,0.4891
209.650,0.4679
209.700,0.4458
209.750,0.4204
209.800,0.3973
209.850,0.3746
209.900,0.3534
209.950,0.3323
210.000,0.3157
210.050,0.3032
210.100,0.2933
210.150,0.2883
210.200,0.2872
210.250,0.2904
210.300,0.2980
210.350,0.3095
210.400,0.3244
210.450,0.3424
210.500,0.3645
210.550,0.3867
210.600,0.4093
210.650,0.4329
210.700,0.4557
210.750,0.4792
210.800,0.4988
210.850,0.5158
210.900,0.5296
210.950,0.5399
211.000,0.5466
211.050,0.5487
211.100,0.5471
211.150,0.5414
211.200,0.5315
211.250,0.5184
211.300,0.5019
211.350,0.4828
211.400,0.4597
211.450,0.4368
211.500,0.4135
211.550,0.3909
211.600,0.3685
211.650,0.3478
211.700,0.3276
211.750,0.3119
211.800,0.3003
211.850,0.2921
211.900,0.2881
211.950,0.2882
212.000,0.2928
212.050,0.3015
212.100,0.3138
212.150,0.3295
212.200,0.3501
212.250,0.3712
212.300,0.3935
212.350,0.4164
212.400,0.4395
212.450,0.4642
212.500,0.4850
212.550,0.5038
212.600,0.5199
212.650,0.5328
212.700,0.5418
212.750,0.5473
212.800,0.5484
212.850,0.5456
212.900,0.5389
212.950,0.5283
213.000,0.5141
213.050,0.4971
213.100,0.4774
213.150,0.4558
213.200,0.4307
213.250,0.4077
213.300,0.3853
213.350,0.3633
213.400,0.3431
213.450,0.3259
213.500,0.3093
213.550,0.2984
213.600,0.2914
213.650,0.2884
213.700,0.2899
213.750,0.2953
213.800,0.3051
213.850,0.3184
213.900,0.3367
213.950,0.3561
214.000,0.3774
214.050,0.3999
214.100,0.4227
214.150,0.4477
214.200,0.4697
214.250,0.4902
214.300,0.5083
214.350,0.5234
214.400,0.5350
214.450,0.5432
214.500,0.5475
214.550,0.5476
214.600,0.5436
214.650,0.5356
214.700,0.5240
214.750,0.5093
214.800,0.4911
214.850,0.4709
214.900,0.4471
214.950,0.4239
215.000,0.4011
215.050,0.3785
215.100,0.3572
215.150,0.3361
215.200,0.3193
215.250,0.3060
215.300,0.2961
215.350,0.2900
215.400,0.2886
215.450,0.2909
215.500,0.2975
215.550,0.3083
215.600,0.3223
215.650,0.3398
215.700,0.3616
215.750,0.3831
215.800,0.4055
215.850,0.4287
215.900,0.4514
215.950,0.4749
216.000,0.4949
216.050,0.5120
216.100,0.5263
216.150,0.5371
216.200,0.5441
216.250,0.5472
216.300,0.5461
216.350,0.5412
216.400,0.5324
216.450,0.5197
216.500,0.5040
216.550,0.4855
216.600,0.4649
216.650,0.4407
216.700,0.4175
216.750,0.3951
216.800,0.3728
216.850,0.3522
216.900,0.3316
216.950,0.3157
217.000,0.3036
217.050,0.2947
217.100,0.2898
217.150,0.2896
217.200,0.2933
217.250,0.3011
217.300,0.3129
217.350,0.3299
217.400,0.3477
217.450,0.3679
217.500,0.3901
217.550,0.4124
217.600,0.4356
217.650,0.4599
217.700,0.4811
217.750,0.5000
217.800,0.5163
217.850,0.5296
217.900,0.5392
217.950,0.5452
218.000,0.5470
218.050,0.5449
218.100,0.5388
218.150,0.5290
218.200,0.5158
218.250,0.4992
218.300,0.4803
218.350,0.4592
218.400,0.4347
218.450,0.4116
218.500,0.3894
218.550,0.3675
218.600,0.3473
218.650,0.3295
218.700,0.3127
218.750,0.3011
218.800,0.2935
218.850,0.2903
218.900,0.2908
218.950,0.2959
219.000,0.3046
219.050,0.3172
219.100,0.3329
219.150,0.3535
219.200,0.3743
219.250,0.3965
219.300,0.4188
219.350,0.4418
219.400,0.4657
219.450,0.4862
219.500,0.5045
219.550,0.5198
219.600,0.5321
219.650,0.5408
219.700,0.5454
219.750,0.5464
219.800,0.5431
219.850,0.5360
219.900,0.5250
219.950,0.5107
220.000,0.4933
220.050,0.4738
220.100,0.4504
220.150,0.4276
220.200,0.4047
220.250,0.3828
220.300,0.3613
220.350,0.3399
220.400,0.3229
220.450,0.3091
220.500,0.2987
220.550,0.2924
220.600,0.2900
220.650,0.2920
220.700,0.2979
220.750,0.3078
220.800,0.3213
220.850,0.3400
220.900,0.3592
220.950,0.3801
221.000,0.4021
221.050,0.4251
221.100,0.4497
221.150,0.4713
221.200,0.4911
221.250,0.5085
221.300,0.5232
221.350,0.5343
221.400,0.5419
221.450,0.5456
221.500,0.5452
221.550,0.5410
221.600,0.5329
221.650,0.5211
221.700,0.5060
221.750,0.4880
221.800,0.4677
221.850,0.4463
221.900,0.4218
221.950,0.3992
222.000,0.3771
222.050,0.3564
222.100,0.3376
222.150,0.3196
222.200,0.3067
222.250,0.2973
222.300,0.2922
222.350,0.2911
222.400,0.2938
222.450,0.3010
222.500,0.3119
222.550,0.3284
222.600,0.3458
222.650,0.3654
222.700,0.3870
222.750,0.4088
222.800,0.4318
222.850,0.4561
222.900,0.4771
222.950,0.4963
223.000,0.5128
223.050,0.5265
223.100,0.5368
223.150,0.5431
223.200,0.5455
223.250,0.5442
223.300,0.5386
223.350,0.5296
223.400,0.5168
223.450,0.5011
223.500,0.4827
223.550,0.4621
223.600,0.4380
223.650,0.4154
223.700,0.3934
223.750,0.3713
223.800,0.3513
223.850,0.3310
223.900,0.3164
223.950,0.3041
224.000,0.2961
224.050,0.2919
224.100,0.2922
224.150,0.2960
224.200,0.3041
224.250,0.3160
224.300,0.3332
224.350,0.3512
224.400,0.3714
224.450,0.3932
224.500,0.4152
224.550,0.4378
224.600,0.4618
224.650,0.4821
224.700,0.5008
224.750,0.5163
224.800,0.5291
224.850,0.5382
224.900,0.5437
224.950,0.5450
225.000,0.5424
225.050,0.5359
225.100,0.5259
225.150,0.5122
225.200,0.4956
225.250,0.4765
225.300,0.4556
225.350,0.4314
225.400,0.4087
225.450,0.3870
225.500,0.3654
225.550,0.3437
225.600,0.3266
225.650,0.3124
225.700,0.3013
225.750,0.2943
225.800,0.2915
225.850,0.2928
225.900,0.2981
225.950,0.3071
226.000,0.3200
226.050,0.3357
226.100,0.3565
226.150,0.3774
226.200,0.3990
226.250,0.4215
226.300,0.4440
226.350,0.4673
226.400,0.4875
226.450,0.5052
226.500,0.5201
226.550,0.5318
226.600,0.5398
226.650,0.5440
226.700,0.5443
226.750,0.5408
226.800,0.5332
226.850,0.5221
226.900,0.5077
226.950,0.4904
227.000,0.4708
227.050,0.4497
227.100,0.4275
227.150,0.4030
227.200,0.3811
227.250,0.3604
227.300,0.3414
227.350,0.3231
227.400,0.3099
227.450,0.3002
227.500,0.2943
227.550,0.2925
227.600,0.2950
227.650,0.3013
227.700,0.3116
227.750,0.3272
227.800,0.3438
227.850,0.3628
227.900,0.3839
227.950,0.4056
228.000,0.4280
228.050,0.4520
228.100,0.4730
228.150,0.4925
228.200,0.5094
228.250,0.5232
228.300,0.5340
228.350,0.5408
228.400,0.5441
228.450,0.5432
228.500,0.5385
228.550,0.5301
228.600,0.5180
228.650,0.5028
228.700,0.4848
228.750,0.4645
228.800,0.4412
228.850,0.4190
228.900,0.3966
228.950,0.3752
229.000,0.3546
229.050,0.3347
229.100,0.3191
229.150,0.3067
229.200,0.2983
229.250,0.2933
229.300,0.2929
229.350,0.2961
229.400,0.3036
229.450,0.3147
229.500,0.3292
229.550,0.3467
229.600,0.3683
229.650,0.3896
229.700,0.4116
229.750,0.4339
229.800,0.4559
229.850,0.4785
229.900,0.4970
229.950,0.5130
230.000,0.5264
230.050,0.5359
230.100,0.5417
230.150,0.5439
230.200,0.5418
230.250,0.5361
230.300,0.5264
230.350,0.5134
230.400,0.4974
230.450,0.4791
230.500,0.4564
230.550,0.4349
230.600,0.4125
230.650,0.3904
230.700,0.3694
230.750,0.3496
230.800,0.3302
230.850,0.3157
230.900,0.3044
230.950,0.2969
231.000,0.2933
231.050,0.2937
231.100,0.2983
231.150,0.3070
231.200,0.3189
231.250,0.3343
231.300,0.3542
231.350,0.3745
231.400,0.3961
231.450,0.4182
231.500,0.4423
231.550,0.4639
231.600,0.4837
231.650,0.5020
231.700,0.5168
231.750,0.5290
231.800,0.5375
231.850,0.5423
231.900,0.5433
231.950,0.5403
232.000,0.5335
232.050,0.5231
232.100,0.5091
232.150,0.4926
232.200,0.4736
232.250,0.4526
232.300,0.4310
232.350,0.4066
232.400,0.3851
232.450,0.3642
232.500,0.3452
232.550,0.3286
232.600,0.3129
232.650,0.3028
232.700,0.2964
232.750,0.2937
232.800,0.2956
232.850,0.3008
232.900,0.3104
232.950,0.3234
233.000,0.3416
233.050,0.3601
233.100,0.3807
233.150,0.4021
233.200,0.4244
233.250,0.4485
233.300,0.4697
233.350,0.4890
233.400,0.5061
233.450,0.5203
233.500,0.5313
233.550,0.5388
233.600,0.5423
233.650,0.5421
233.700,0.5381
233.750,0.5303
233.800,0.5190
233.850,0.5045
233.900,0.4870
233.950,0.4675
234.000,0.4467
234.050,0.4247
234.100,0.4007
234.150,0.3792
234.200,0.3588
234.250,0.3402
234.300,0.3246
234.350,0.3122
234.400,0.3007
234.450,0.2955
234.500,0.2942
234.550,0.2971
234.600,0.3037
234.650,0.3143
234.700,0.3301
234.750,0.3467
234.800,0.3659
234.850,0.3869
234.900,0.4083
234.950,0.4304
235.000,0.4541
235.050,0.4747
235.100,0.4935
235.150,0.5098
235.200,0.5231
235.250,0.5334
235.300,0.5397
235.350,0.5422
235.400,0.5409
235.450,0.5357
235.500,0.5270
235.550,0.5146
235.600,0.4993
235.650,0.4813
235.700,0.4614
235.750,0.4402
235.800,0.4163
235.850,0.3940
235.900,0.3732
235.950,0.3528
236.000,0.3356
236.050,0.3186
236.100,0.3072
236.150,0.2992
236.200,0.2946
236.250,0.2947
236.300,0.2986
236.350,0.3065
236.400,0.3179
236.450,0.3323
236.500,0.3519
236.550,0.3716
236.600,0.3927
236.650,0.4143
236.700,0.4363
236.750,0.4576
236.800,0.4799
236.850,0.4980
236.900,0.5136
236.950,0.5261
237.000,0.5349
237.050,0.5402
237.100,0.5417
237.150,0.5394
237.200,0.5332
237.250,0.5231
237.300,0.5101
237.350,0.4940
237.400,0.4753
237.450,0.4529
237.500,0.4316
237.550,0.4095
237.600,0.3876
237.650,0.3669
237.700,0.3485
237.750,0.3295
237.800,0.3156
237.850,0.3047
237.900,0.2979
237.950,0.2953
238.000,0.2959
238.050,0.3010
238.100,0.3099
238.150,0.3223
238.200,0.3399
238.250,0.3579
238.300,0.3779
238.350,0.3992
238.400,0.4212
238.450,0.4449
238.500,0.4659
238.550,0.4854
238.600,0.5027
238.650,0.5172
238.700,0.5287
238.750,0.5365
238.800,0.5408
238.850,0.5412
238.900,0.5377
238.950,0.5306
239.000,0.5199
239.050,0.5058
239.100,0.4892
239.150,0.4703
239.200,0.4492
239.250,0.4257
239.300,0.4035
239.350,0.3821
239.400,0.3621
239.450,0.3438
239.500,0.3278
239.550,0.3129
239.600,0.3032
239.650,0.2974
239.700,0.2958
239.750,0.2976
239.800,0.3037
239.850,0.3136
239.900,0.3289
239.950,0.3452
240.000,0.3639
240.050,0.3843
240.100,0.4056
240.150,0.4272
240.200,0.4510
240.250,0.4715
240.300,0.4903
240.350,0.5067
240.400,0.5202
240.450,0.5308
240.500,0.5376
240.550,0.5408
240.600,0.5401
240.650,0.5353
240.700,0.5272
240.750,0.5158
240.800,0.5007
240.850,0.4834
240.900,0.4636
240.950,0.4410
241.000,0.4194
241.050,0.3975
241.100,0.3766
241.150,0.3564
241.200,0.3392
241.250,0.3220
241.300,0.3096
241.350,0.3011
241.400,0.2965
241.450,0.2958
241.500,0.2992
241.550,0.3063
241.600,0.3171
241.650,0.3313
241.700,0.3500
241.750,0.3695
241.800,0.3901
241.850,0.4116
241.900,0.4332
241.950,0.4565
242.000,0.4766
242.050,0.4947
242.100,0.5106
242.150,0.5233
242.200,0.5329
242.250,0.5385
242.300,0.5405
242.350,0.5387
242.400,0.5331
242.450,0.5240
242.500,0.5113
242.550,0.4959
242.600,0.4779
242.650,0.4577
242.700,0.4370
242.750,0.4130
242.800,0.3914
242.850,0.3707
242.900,0.3516
242.950,0.3327
243.000,0.3186
243.050,0.3073
243.100,0.2999
243.150,0.2965
243.200,0.2971
243.250,0.3015
243.300,0.3097
243.350,0.3215
243.400,0.3362
243.450,0.3558
243.500,0.3759
243.550,0.3967
243.600,0.4179
243.650,0.4415
243.700,0.4625
243.750,0.4821
243.800,0.4996
243.850,0.5143
243.900,0.5261
243.950,0.5344
244.000,0.5390
244.050,0.5400
244.100,0.5372
244.150,0.5306
244.200,0.5204
244.250,0.5070
244.300,0.4909
244.350,0.4724
244.400,0.4521
244.450,0.4308
244.500,0.4069
244.550,0.3863
244.600,0.3659
244.650,0.3472
244.700,0.3312
244.750,0.3177
244.800,0.3058
244.850,0.2995
244.900,0.2970
244.950,0.2985
245.000,0.3041
245.050,0.3133
245.100,0.3279
245.150,0.3436
245.200,0.3618
245.250,0.3819
245.300,0.4025
245.350,0.4243
245.400,0.4475
245.450,0.4682
245.500,0.4870
245.550,0.5037
245.600,0.5176
245.650,0.5283
245.700,0.5357
245.750,0.5392
245.800,0.5392
245.850,0.5352
245.900,0.5275
245.950,0.5166
246.000,0.5024
246.050,0.4854
246.100,0.4665
246.150,0.4459
246.200,0.4226
246.250,0.4012
246.300,0.3802
246.350,0.3602
246.400,0.3422
246.450,0.3271
246.500,0.3129
246.550,0.3038
246.600,0.2988
246.650,0.2973
246.700,0.3000
246.750,0.3067
246.800,0.3169
246.850,0.3322
246.900,0.3488
246.950,0.3675
247.000,0.3876
247.050,0.4087
247.100,0.4303
247.150,0.4534
247.200,0.4734
247.250,0.4916
247.300,0.5077
247.350,0.5205
247.400,0.5304
247.450,0.5367
247.500,0.5391
247.550,0.5378
247.600,0.5330
247.650,0.5243
247.700,0.5125
247.750,0.4974
247.800,0.4801
247.850,0.4604
247.900,0.4378
247.950,0.4162
248.000,0.3950
248.050,0.3745
248.100,0.3554
248.150,0.3381
248.200,0.3236
248.250,0.3104
248.300,0.3026
248.350,0.2984
248.400,0.2984
248.450,0.3022
248.500,0.3099
248.550,0.3208
248.600,0.3371
248.650,0.3541
248.700,0.3733
248.750,0.3939
248.800,0.4150
248.850,0.4384
248.900,0.4592
248.950,0.4789
249.000,0.4963
249.050,0.5113
249.100,0.5233
249.150,0.5322
249.200,0.5373
249.250,0.5388
249.300,0.5365
249.350,0.5306
249.400,0.5209
249.450,0.5082
249.500,0.4926
249.550,0.4744
249.600,0.4548
249.650,0.4337
249.700,0.4102
249.750,0.3894
249.800,0.3690
249.850,0.3503
249.900,0.3342
249.950,0.3184
250.000,0.3080
250.050,0.3014
250.100,0.2984
250.150,0.2995
250.200,0.3043
250.250,0.3128
250.300,0.3269
250.350,0.3419
250.400,0.3598
250.450,0.3793
250.500,0.3999
250.550,0.4210
250.600,0.4443
250.650,0.4647
250.700,0.4837
250.750,0.5006
250.800,0.5148
250.850,0.5259
250.900,0.5336
250.950,0.5377
251.000,0.5380
251.050,0.5346
251.100,0.5277
251.150,0.5171
251.200,0.5036
251.250,0.4873
251.300,0.4687
251.350,0.4487
251.400,0.4255
251.450,0.4042
251.500,0.3837
251.550,0.3636
251.600,0.3455
251.650,0.3300
251.700,0.3154
251.750,0.3061
251.800,0.3005
251.850,0.2987
251.900,0.3007
251.950,0.3067
252.000,0.3164
252.050,0.3313
252.100,0.3471
252.150,0.3652
252.200,0.3852
252.250,0.4056
252.300,0.4270
252.350,0.4501
252.400,0.4701
252.450,0.4884
252.500,0.5046
252.550,0.5179
252.600,0.5280
252.650,0.5347
252.700,0.5377
252.750,0.5371
252.800,0.5326
252.850,0.5246
252.900,0.5133
252.950,0.4989
253.000,0.4820
253.050,0.4629
253.100,0.4407
253.150,0.4193
253.200,0.3983
253.250,0.3778
253.300,0.3583
253.350,0.3412
253.400,0.3244
253.450,0.3127
253.500,0.3043
253.550,0.2998
253.600,0.2992
253.650,0.3024
253.700,0.3094
253.750,0.3198
253.800,0.3356
253.850,0.3522
253.900,0.3709
253.950,0.3910
254.000,0.4118
254.050,0.4330
254.100,0.4558
254.150,0.4754
254.200,0.4930
254.250,0.5084
254.300,0.5207
254.350,0.5299
254.400,0.5355
254.450,0.5376
254.500,0.5358
254.550,0.5304
254.600,0.5214
254.650,0.5092
254.700,0.4940
254.750,0.4765
254.800,0.4569
254.850,0.4343
254.900,0.4131
254.950,0.3923
255.000,0.3721
255.050,0.3535
255.100,0.3369
255.150,0.3210
255.200,0.3104
255.250,0.3031
255.300,0.2998
255.350,0.3002
255.400,0.3045
255.450,0.3125
255.500,0.3239
255.550,0.3406
255.600,0.3575
255.650,0.3767
255.700,0.3972
255.750,0.4179
255.800,0.4410
255.850,0.4613
255.900,0.4803
255.950,0.4975
256.000,0.5121
256.050,0.5233
256.100,0.5315
256.150,0.5361
256.200,0.5371
256.250,0.5341
256.300,0.5277
256.350,0.5178
256.400,0.5048
256.450,0.4890
256.500,0.4708
256.550,0.4511
256.600,0.4283
256.650,0.4071
256.700,0.3868
256.750,0.3667
256.800,0.3488
256.850,0.3310
256.900,0.3179
256.950,0.3083
257.000,0.3022
257.050,0.2999
257.100,0.3014
257.150,0.3067
257.200,0.3159
257.250,0.3301
257.300,0.3454
257.350,0.3630
257.400,0.3828
257.450,0.4028
257.500,0.4241
257.550,0.4469
257.600,0.4668
257.650,0.4853
257.700,0.5017
257.750,0.5153
257.800,0.5258
257.850,0.5327
257.900,0.5363
257.950,0.5361
258.000,0.5322
258.050,0.5248
258.100,0.5140
258.150,0.5001
258.200,0.4837
258.250,0.4651
258.300,0.4450
258.350,0.4221
258.400,0.4012
258.450,0.3809
258.500,0.3616
258.550,0.3442
258.600,0.3272
258.650,0.3153
258.700,0.3066
258.750,0.3015
258.800,0.3004
258.850,0.3029
258.900,0.3094
258.950,0.3193
259.000,0.3346
259.050,0.3505
259.100,0.3687
259.150,0.3886
259.200,0.4089
259.250,0.4301
259.300,0.4525
259.350,0.4722
259.400,0.4899
259.450,0.5055
259.500,0.5183
259.550,0.5277
259.600,0.5338
259.650,0.5362
259.700,0.5349
259.750,0.5300
259.800,0.5217
259.850,0.5101
259.900,0.4953
259.950,0.4783
260.000,0.4593
260.050,0.4390
260.100,0.4162
260.150,0.3954
260.200,0.3754
260.250,0.3566
260.300,0.3400
260.350,0.3239
260.400,0.3128
260.450,0.3052
260.500,0.3012
260.550,0.3013
260.600,0.3050
260.650,0.3125
260.700,0.3232
260.750,0.3394
260.800,0.3560
260.850,0.3747
260.900,0.3946
260.950,0.4152
261.000,0.4381
261.050,0.4584
261.100,0.4773
261.150,0.4946
261.200,0.5093
261.250,0.5209
261.300,0.5294
261.350,0.5344
261.400,0.5359
261.450,0.5336
261.500,0.5276
261.550,0.5183
261.600,0.5058
261.650,0.4905
261.700,0.4728
261.750,0.4535
261.800,0.4312
261.850,0.4100
261.900,0.3899
261.950,0.3702
262.000,0.3519
262.050,0.3359
262.100,0.3206
262.150,0.3108
262.200,0.3041
262.250,0.3013
262.300,0.3025
262.350,0.3072
262.400,0.3157
262.450,0.3294
262.500,0.3442
262.550,0.3615
262.600,0.3805
262.650,0.4008
262.700,0.4214
262.750,0.4441
262.800,0.4639
262.850,0.4823
262.900,0.4987
262.950,0.5126
263.000,0.5233
263.050,0.5308
263.100,0.5347
263.150,0.5350
263.200,0.5317
263.250,0.5249
263.300,0.5147
263.350,0.5013
263.400,0.4854
263.450,0.4672
263.500,0.4476
263.550,0.4250
263.600,0.4042
263.650,0.3842
263.700,0.3648
263.750,0.3472
263.800,0.3321
263.850,0.3178
263.900,0.3088
263.950,0.3034
264.000,0.3016
264.050,0.3038
264.100,0.3097
264.150,0.3211
264.200,0.3337
264.250,0.3493
264.300,0.3670
264.350,0.3866
264.400,0.4065
264.450,0.4272
264.500,0.4496
264.550,0.4692
264.600,0.4870
264.650,0.5027
264.700,0.5157
264.750,0.5256
264.800,0.5319
264.850,0.5348
264.900,0.5340
264.950,0.5298
265.000,0.5218
265.050,0.5107
265.100,0.4965
265.150,0.4801
265.200,0.4615
265.250,0.4416
265.300,0.4190
265.350,0.3985
265.400,0.3785
265.450,0.3597
265.500,0.3428
265.550,0.3265
265.600,0.3152
265.650,0.3073
265.700,0.3029
265.750,0.3023
265.800,0.3055
265.850,0.3125
265.900,0.3227
265.950,0.3382
266.000,0.3545
266.050,0.3728
266.100,0.3924
266.150,0.4126
266.200,0.4352
266.250,0.4553
266.300,0.4744
266.350,0.4917
266.400,0.5065
266.450,0.5187
266.500,0.5274
266.550,0.5328
266.600,0.5345
266.650,0.5329
266.700,0.5275
266.750,0.5186
266.800,0.5066
266.850,0.4917
266.900,0.4746
266.950,0.4556
267.000,0.4356
267.050,0.4129
267.100,0.3926
267.150,0.3731
267.200,0.3548
267.250,0.3388
267.300,0.3253
267.350,0.3128
267.400,0.3062
267.450,0.3029
267.500,0.3033
267.550,0.3076
267.600,0.3156
267.650,0.3267
267.700,0.3428
267.750,0.3596
267.800,0.3783
267.850,0.3980
267.900,0.4187
267.950,0.4391
268.000,0.4610
268.050,0.4794
268.100,0.4958
268.150,0.5100
268.200,0.5211
268.250,0.5289
268.300,0.5334
268.350,0.5342
268.400,0.5312
268.450,0.5247
268.500,0.5150
268.550,0.5024
268.600,0.4868
268.650,0.4689
268.700,0.4497
268.750,0.4274
268.800,0.4067
268.850,0.3871
268.900,0.3676
268.950,0.3502
269.000,0.3348
269.050,0.3201
269.100,0.3107
269.150,0.3050
269.200,0.3029
269.250,0.3043
269.300,0.3098
269.350,0.3187
269.400,0.3306
269.450,0.3478
269.500,0.3651
269.550,0.3838
269.600,0.4039
269.650,0.4245
269.700,0.4467
269.750,0.4662
269.800,0.4841
269.850,0.5000
269.900,0.5131
269.950,0.5234
270.000,0.5302
270.050,0.5336
270.100,0.5333
270.150,0.5293
270.200,0.5220
270.250,0.5112
270.300,0.4977
270.350,0.4814
270.400,0.4634
270.450,0.4438
270.500,0.4214
270.550,0.4010
270.600,0.3812
270.650,0.3626
270.700,0.3455
270.750,0.3312
270.800,0.3175
270.850,0.3092
270.900,0.3043
270.950,0.3034
271.000,0.3060
271.050,0.3125
271.100,0.3222
271.150,0.3372
271.200,0.3529
271.250,0.3708
271.300,0.3902
271.350,0.4101
271.400,0.4305
271.450,0.4525
271.500,0.4717
271.550,0.4889
271.600,0.5039
271.650,0.5162
271.700,0.5255
271.750,0.5312
271.800,0.5336
271.850,0.5322
271.900,0.5273
271.950,0.5189
272.000,0.5075
272.050,0.4931
272.100,0.4764
272.150,0.4577
272.200,0.4380
272.250,0.4157
272.300,0.3954
272.350,0.3760
272.400,0.3578
272.450,0.3415
272.500,0.3279
272.550,0.3152
272.600,0.3079
272.650,0.3043
272.700,0.3042
272.750,0.3079
272.800,0.3154
272.850,0.3262
272.900,0.3418
272.950,0.3582
273.000,0.3764
273.050,0.3960
273.100,0.4161
273.150,0.4365
273.200,0.4581
273.250,0.4767
273.300,0.4934
273.350,0.5076
273.400,0.5190
273.450,0.5272
273.500,0.5318
273.550,0.5331
273.600,0.5308
273.650,0.5249
273.700,0.5157
273.750,0.5034
273.800,0.4883
273.850,0.4709
273.900,0.4521
273.950,0.4300
274.000,0.4097
274.050,0.3900
274.100,0.3707
274.150,0.3529
274.200,0.3375
274.250,0.3248
274.300,0.3131
274.350,0.3071
274.400,0.3042
274.450,0.3056
274.500,0.3103
274.550,0.3186
274.600,0.3320
274.650,0.3468
274.700,0.3636
274.750,0.3824
274.800,0.4018
274.850,0.4221
274.900,0.4441
274.950,0.4637
275.000,0.4817
275.050,0.4976
275.100,0.5109
275.150,0.5215
275.200,0.5284
275.250,0.5323
275.300,0.5324
275.350,0.5291
275.400,0.5222
275.450,0.5121
275.500,0.4989
275.550,0.4833
275.600,0.4654
275.650,0.4462
275.700,0.4240
275.750,0.4036
275.800,0.3843
275.850,0.3655
275.900,0.3484
275.950,0.3338
276.000,0.3199
276.050,0.3112
276.100,0.3060
276.150,0.3046
276.200,0.3067
276.250,0.3127
276.300,0.3221
276.350,0.3365
276.400,0.3517
276.450,0.3691
276.500,0.3879
276.550,0.4077
276.600,0.4281
276.650,0.4500
276.700,0.4689
276.750,0.4863
276.800,0.5015
276.850,0.5138
276.900,0.5234
276.950,0.5297
277.000,0.5322
277.050,0.5313
277.100,0.5269
277.150,0.5193
277.200,0.5082
277.250,0.4941
277.300,0.4780
277.350,0.4598
277.400,0.4402
277.450,0.4181
277.500,0.3983
277.550,0.3786
277.600,0.3603
277.650,0.3443
277.700,0.3301
277.750,0.3173
277.800,0.3097
277.850,0.3057
277.900,0.3052
277.950,0.3084
278.000,0.3154
278.050,0.3257
278.100,0.3409
278.150,0.3567
278.200,0.3745
278.250,0.3938
278.300,0.4137
278.350,0.4339
278.400,0.4553
278.450,0.4739
278.500,0.4906
278.550,0.5052
278.600,0.5166
278.650,0.5253
278.700,0.5304
278.750,0.5319
278.800,0.5301
278.850,0.5245
278.900,0.5160
278.950,0.5040
279.000,0.4893
279.050,0.4727
279.100,0.4541
279.150,0.4345
279.200,0.4122
279.250,0.3922
279.300,0.3735
279.350,0.3557
279.400,0.3400
279.450,0.3251
279.500,0.3152
279.550,0.3086
279.600,0.3056
279.650,0.3063
279.700,0.3105
279.750,0.3185
279.800,0.3315
279.850,0.3456
279.900,0.3620
279.950,0.3804
280.000,0.3996
280.050,0.4195
280.100,0.4415
280.150,0.4608
280.200,0.4789
280.250,0.4948
280.300,0.5085
280.350,0.5192
280.400,0.5267
280.450,0.5308
280.500,0.5314
280.550,0.5284
280.600,0.5221
280.650,0.5124
280.700,0.4998
280.750,0.4843
280.800,0.4671
280.850,0.4483
280.900,0.4265
280.950,0.4062
281.000,0.3871
281.050,0.3681
281.100,0.3510
281.150,0.3362
281.200,0.3223
281.250,0.3131
281.300,0.3077
281.350,0.3058
281.400,0.3074
281.450,0.3129
281.500,0.3217
281.550,0.3355
281.600,0.3504
281.650,0.3672
281.700,0.3861
281.750,0.4051
281.800,0.4253
281.850,0.4471
281.900,0.4660
281.950,0.4834
282.000,0.4988
282.050,0.5116
282.100,0.5213
282.150,0.5278
282.200,0.5310
282.250,0.5306
282.300,0.5265
282.350,0.5192
282.400,0.5087
282.450,0.4953
282.500,0.4793
282.550,0.4615
282.600,0.4403
282.650,0.4203
282.700,0.4007
282.750,0.3814
282.800,0.3631
282.850,0.3467
282.900,0.3306
282.950,0.3196
283.000,0.3116
283.050,0.3070
283.100,0.3063
283.150,0.3090
283.200,0.3154
283.250,0.3272
283.300,0.3399
283.350,0.3555
283.400,0.3728
283.450,0.3915
283.500,0.4113
283.550,0.4314
283.600,0.4527
283.650,0.4712
283.700,0.4881
283.750,0.5026
283.800,0.5145
283.850,0.5234
283.900,0.5288
283.950,0.5308
284.000,0.5294
284.050,0.5243
284.100,0.5164
284.150,0.5047
284.200,0.4907
284.250,0.4742
284.300,0.4560
284.350,0.4367
284.400,0.4148
284.450,0.3950
284.500,0.3762
284.550,0.3584
284.600,0.3428
284.650,0.3275
284.700,0.3173
284.750,0.3103
284.800,0.3070
284.850,0.3071
284.900,0.3110
284.950,0.3183
285.000,0.3308
285.050,0.3444
285.100,0.3603
285.150,0.3781
285.200,0.3974
285.250,0.4168
285.300,0.4367
285.350,0.4560
285.400,0.4758
285.450,0.4920
285.500,0.5059
285.550,0.5168
285.600,0.5248
285.650,0.5294
285.700,0.5304
285.750,0.5277
285.800,0.5220
285.850,0.5129
285.900,0.5006
285.950,0.4859
286.000,0.4690
286.050,0.4503
286.100,0.4289
286.150,0.4090
286.200,0.3897
286.250,0.3709
286.300,0.3538
286.350,0.3388
286.400,0.3244
286.450,0.3152
286.500,0.3093
286.550,0.3070
286.600,0.3085
286.650,0.3134
286.700,0.3237
286.750,0.3351
286.800,0.3495
286.850,0.3660
286.900,0.3842
286.950,0.4032
287.000,0.4231
287.050,0.4446
287.100,0.4636
287.150,0.4808
287.200,0.4964
287.250,0.5092
287.300,0.5192
287.350,0.5260
287.400,0.5296
287.450,0.5295
287.500,0.5260
287.550,0.5192
287.600,0.5092
287.650,0.4962
287.700,0.4807
287.750,0.4634
287.800,0.4445
287.850,0.4229
287.900,0.4031
287.950,0.3841
288.000,0.3658
288.050,0.3495
288.100,0.3351
288.150,0.3239
288.200,0.3136
288.250,0.3088
288.300,0.3073
288.350,0.3098
288.400,0.3156
288.450,0.3269
288.500,0.3391
288.550,0.3541
288.600,0.3713
288.650,0.3898
288.700,0.4089
288.750,0.4286
288.800,0.4502
288.850,0.4686
288.900,0.4853
288.950,0.5000
289.000,0.5121
289.050,0.5212
289.100,0.5271
289.150,0.5295
289.200,0.5283
289.250,0.5240
289.300,0.5162
289.350,0.5054
289.400,0.4917
289.450,0.4756
289.500,0.4579
289.550,0.4388
289.600,0.4171
289.650,0.3976
289.700,0.3786
289.750,0.3610
289.800,0.3451
289.850,0.3318
289.900,0.3213
289.950,0.3121
290.000,0.3082
290.050,0.3080
290.100,0.3115
290.150,0.3183
290.200,0.3305
290.250,0.3435
290.300,0.3591
290.350,0.3766
290.400,0.3953
290.450,0.4147
290.500,0.4343
290.550,0.4553
290.600,0.4732
290.650,0.4896
290.700,0.5035
290.750,0.5147
290.800,0.5229
290.850,0.5277
290.900,0.5291
290.950,0.5270
291.000,0.5216
291.050,0.5129
291.100,0.5011
291.150,0.4867
291.200,0.4702
291.250,0.4519
291.300,0.4307
291.350,0.4110
291.400,0.3919
291.450,0.3734
291.500,0.3562
291.550,0.3412
291.600,0.3286
291.650,0.3171
291.700,0.3109
291.750,0.3082
291.800,0.3090
291.850,0.3134
291.900,0.3214
291.950,0.3343
292.000,0.3480
292.050,0.3643
292.100,0.3825
292.150,0.4010
292.200,0.4206
292.250,0.4400
292.300,0.4607
292.350,0.4782
292.400,0.4938
292.450,0.5068
292.500,0.5170
292.550,0.5241
292.600,0.5280
292.650,0.5285
292.700,0.5253
292.750,0.5190
292.800,0.5093
292.850,0.4968
292.900,0.4817
292.950,0.4647
293.000,0.4462
293.050,0.4250
293.100,0.4053
293.150,0.3867
293.200,0.3684
293.250,0.3519
293.300,0.3377
293.350,0.3258
293.400,0.3175
293.450,0.3103
293.500,0.3085
293.550,0.3105
293.600,0.3159
293.650,0.3267
293.700,0.3386
293.750,0.3531
293.800,0.3698
293.850,0.3879
293.900,0.4070
293.950,0.4266
294.000,0.4478
294.050,0.4662
294.100,0.4831
294.150,0.4978
294.200,0.5100
294.250,0.5194
294.300,0.5256
294.350,0.5282
294.400,0.5275
294.450,0.5236
294.500,0.5163
294.550,0.5059
294.600,0.4925
294.650,0.4769
294.700,0.4594
294.750,0.4408
294.800,0.4214
294.850,0.4000
294.900,0.3812
294.950,0.3636
295.000,0.3477
295.050,0.3342
295.100,0.3234
295.150,0.3140
295.200,0.3098
295.250,0.3092
295.300,0.3122
295.350,0.3185
295.400,0.3302
295.450,0.3428
295.500,0.3579
295.550,0.3752
295.600,0.3936
295.650,0.4126
295.700,0.4342
295.750,0.4534
295.800,0.4712
295.850,0.4874
295.900,0.5014
295.950,0.5128
296.000,0.5212
296.050,0.5264
296.100,0.5281
296.150,0.5265
296.200,0.5212
296.250,0.5131
296.300,0.5020
296.350,0.4877
296.400,0.4716
296.450,0.4537
296.500,0.4348
296.550,0.4134
296.600,0.3941
296.650,0.3755
296.700,0.3582
296.750,0.3433
296.800,0.3285
296.850,0.3188
296.900,0.3121
296.950,0.3091
297.000,0.3095
297.050,0.3138
297.100,0.3211
297.150,0.3338
297.200,0.3469
297.250,0.3627
297.300,0.3806
297.350,0.3991
297.400,0.4185
297.450,0.4377
297.500,0.4581
297.550,0.4758
297.600,0.4914
297.650,0.5047
297.700,0.5151
297.750,0.5226
297.800,0.5266
297.850,0.5274
297.900,0.5248
297.950,0.5189
298.000,0.5095
298.050,0.4973
298.100,0.4829
298.150,0.4663
298.200,0.4479
298.250,0.4269
298.300,0.4074
298.350,0.3884
298.400,0.3705
298.450,0.3539
298.500,0.3395
298.550,0.3258
298.600,0.3169
298.650,0.3114
298.700,0.3094
298.750,0.3109
298.800,0.3160
298.850,0.3245
298.900,0.3377
298.950,0.3519
299.000,0.3680
299.050,0.3862
299.100,0.4046
299.150,0.4242
299.200,0.4432
299.250,0.4636
299.300,0.4803
299.350,0.4952
299.400,0.5080
299.450,0.5174
299.500,0.5238
299.550,0.5270
299.600,0.5268
299.650,0.5231
299.700,0.5161
299.750,0.5061
299.800,0.4932
299.850,0.4779
299.900,0.4609
299.950,0.4424
300.000,0.4214
300.050,0.4021
300.100,0.3836
300.150,0.3658
300.200,0.3498
300.250,0.3362
300.300,0.3233
300.350,0.3155
300.400,0.3110
300.450,0.3101
300.500,0.3127
300.550,0.3206
300.600,0.3302
300.650,0.3420
300.700,0.3569
300.750,0.3737
300.800,0.3919
300.850,0.4107
300.900,0.4319
300.950,0.4509
301.000,0.4690
